Participant,Session,Block,Gain,Dwell,Trial,A,W
# ============
# File: FittsTilt-P01-S01-B01-TG100-DW500.sd3
P01,S01,B01,TG100,DW500,0,500.0,100.0
890.0,376.0
423.5,251.0
100.0
913,912,911,910,908,907,906,904,903,901,900,898,897,895,893,892,890,888,886,883,881,878,875,872,868,864,860,856,852,848,844,840,835,831,826,822,818,813,808,804,799,795,791,787,783,779,775,771,767,763,759,755,751,746,742,737,733,728,724,719,715,710,705,701,696,692,687,682,677,672,667,662,657,652,647,642,637,632,627,622,616,611,607,602,597,592,587,582,577,572,567,562,557,552,547,542,537,531,526,521,516,511,506,501,496,492,487,483,478,474,470,467,463,460,457,455,452,450,448,446,443,441,439,436,434,432,429,427,425,423,421,419,418,417,416,414,414,413,412,412,412,412,413,413,
379,379,379,380,380,380,381,381,381,382,382,382,383,383,384,385,385,386,387,388,389,390,390,391,392,392,393,393,393,393,393,393,392,392,392,391,391,390,390,389,389,388,387,386,385,384,382,381,380,378,377,375,374,373,372,370,369,368,366,365,363,361,360,358,357,355,354,352,351,349,348,346,345,343,342,340,338,336,335,333,331,329,327,325,323,321,319,317,315,313,311,308,306,304,302,300,298,296,294,292,290,288,286,284,282,280,278,276,274,272,270,267,265,263,261,259,257,254,252,250,248,246,244,243,241,240,238,236,235,233,232,230,229,227,226,225,224,223,222,220,219,218,217,216,

P01,S01,B01,TG100,DW500,1,500.0,100.0
423.5,251.0
856.5,501.0
100.0
413,415,417,418,419,421,422,423,425,426,427,429,430,431,433,435,437,439,441,443,446,449,453,457,461,466,471,476,481,486,492,498,504,510,516,522,528,534,540,546,552,558,564,570,576,582,588,593,599,605,611,616,622,627,633,638,644,649,654,659,664,669,675,680,685,690,695,701,706,711,716,721,725,730,735,740,745,749,754,758,763,767,772,776,780,784,788,792,796,799,802,806,809,812,815,817,820,823,826,829,832,834,837,840,843,845,848,850,853,855,858,860,863,865,867,869,870,872,873,874,875,876,877,877,877,877,877,877,876,875,874,872,871,
216,214,211,210,209,207,206,205,204,202,201,201,200,199,198,198,198,199,200,201,203,206,208,211,214,218,221,225,228,232,236,240,244,248,251,255,258,262,266,269,273,276,279,282,285,288,291,294,297,301,304,307,310,314,317,321,324,328,331,335,338,342,346,349,353,356,360,364,368,371,375,379,382,386,390,394,397,401,404,408,411,415,418,421,424,427,430,433,435,438,440,443,446,448,451,453,456,458,461,463,466,468,471,473,476,478,481,483,485,487,489,491,493,494,496,497,498,499,499,499,499,499,499,498,497,497,496,495,495,494,494,493,493,

P01,S01,B01,TG100,DW500,2,500.0,100.0
856.5,501.0
515.0,159.5
100.0
871,866,864,862,861,859,858,856,855,853,852,851,849,848,846,845,843,841,839,836,833,831,827,824,821,817,813,809,805,800,796,791,786,781,776,770,765,760,754,749,743,738,732,727,721,716,710,705,700,695,690,685,680,675,671,668,664,660,656,652,648,645,641,637,633,629,625,622,618,614,610,606,603,599,595,591,587,583,580,576,572,568,565,561,558,555,551,548,546,543,541,539,537,535,533,531,530,528,526,525,523,522,521,520,519,518,518,517,517,517,517,518,518,519,519,520,521,
493,491,491,490,490,490,489,489,489,488,488,488,487,486,485,484,482,480,478,476,474,472,469,466,463,460,457,454,451,448,445,441,438,434,430,426,422,418,413,409,404,399,394,389,384,378,373,368,362,357,351,346,340,334,328,322,316,310,304,298,292,286,281,275,269,263,258,252,246,241,235,230,225,219,214,209,204,199,194,189,185,180,176,173,169,166,163,161,158,156,155,154,152,151,150,149,148,147,146,145,144,144,143,143,142,142,142,143,143,144,145,146,147,148,149,150,151,

P01,S01,B01,TG100,DW500,3,500.0,100.0
515.0,159.5
765.0,592.5
100.0
521,522,523,523,524,525,525,526,526,527,527,528,529,529,530,532,533,534,535,537,538,540,542,544,546,548,551,554,557,560,563,567,571,574,578,582,587,591,595,599,604,608,613,617,623,632,640,644,649,653,657,662,666,670,675,678,682,686,690,694,698,702,706,709,713,716,719,722,725,728,730,732,734,735,737,738,740,741,742,743,744,745,746,747,748,748,749,750,751,752,753,753,754,755,756,757,757,758,759,760,761,762,
151,153,155,156,158,159,160,162,164,165,167,169,171,174,177,182,186,191,197,203,211,218,226,234,243,251,260,268,277,286,295,303,312,320,328,336,345,352,360,368,375,383,390,398,407,422,434,441,448,455,462,469,476,483,490,497,503,510,516,522,529,535,540,546,552,558,563,568,572,576,580,584,587,590,593,596,599,601,603,604,605,607,608,609,609,610,611,612,613,614,615,616,617,618,619,620,621,622,623,624,625,626,

P01,S01,B01,TG100,DW500,4,500.0,100.0
765.0,592.5
640.0,126.0
100.0
762,764,766,766,767,768,769,769,770,771,771,771,771,771,771,770,769,768,767,766,764,762,760,758,755,753,750,747,744,741,737,734,731,727,724,720,717,713,710,706,703,699,696,693,690,687,684,681,678,676,674,672,670,668,667,665,664,664,664,664,664,664,664,665,665,666,666,667,667,667,667,667,667,667,667,667,666,665,664,663,662,661,660,658,657,656,655,654,653,653,652,651,651,650,650,650,650,650,650,651,652,653,654,655,656,658,660,662,664,666,668,670,672,673,675,677,679,681,683,684,686,688,690,691,693,694,695,697,698,699,700,701,702,703,704,705,706,707,708,709,709,710,710,711,711,711,711,711,711,711,711,711,711,711,710,710,709,708,708,707,706,705,704,703,701,700,699,697,696,695,693,692,691,689,688,687,686,685,684,683,683,682,681,680,680,679,678,678,677,676,676,675,674,674,673,672,671,671,670,669,668,667,667,666,665,664,663,663,662,661,660,660,659,658,658,657,656,656,655,655,654,654,654,654,
626,628,629,630,631,631,631,631,631,630,629,627,626,624,622,620,617,614,611,607,603,599,593,587,581,575,568,561,554,546,539,532,525,518,511,504,497,490,483,475,469,461,454,447,439,432,425,417,409,402,394,386,378,370,362,354,346,338,330,322,314,306,298,291,283,275,268,261,253,246,239,231,225,218,211,204,198,192,186,181,175,169,164,158,153,147,142,136,131,125,120,115,110,105,101,97,93,90,87,84,82,81,80,79,79,80,82,84,87,90,95,99,105,111,117,123,129,135,141,147,152,157,163,168,172,177,181,186,190,194,197,201,203,206,208,210,212,213,214,215,215,216,216,215,215,215,214,214,213,212,211,210,209,208,207,206,204,203,201,200,198,197,195,194,192,191,189,188,186,185,183,181,180,178,176,175,173,171,169,168,166,165,163,161,160,158,157,155,154,152,151,149,148,146,145,143,142,140,139,137,136,134,133,132,130,129,127,126,125,123,122,120,119,118,117,116,115,114,113,112,112,111,111,111,

P01,S01,B01,TG100,DW500,5,500.0,100.0
640.0,126.0
640.0,626.0
100.0
654,653,653,653,653,653,653,653,653,653,653,653,653,653,653,653,653,653,653,653,653,653,653,653,653,653,653,653,653,653,653,653,653,653,653,653,653,653,653,654,654,654,654,654,653,653,653,652,652,651,650,650,649,648,648,647,647,646,646,645,644,644,643,642,642,641,641,640,640,639,639,639,639,640,640,640,640,640,641,641,641,641,641,641,642,642,642,643,643,644,644,645,645,646,646,647,647,647,648,648,648,648,648,649,649,649,650,650,651,651,651,652,652,652,652,653,653,653,653,653,653,653,653,
111,111,112,113,113,114,115,116,116,117,118,119,119,120,120,122,123,126,129,133,136,141,147,153,160,168,176,184,193,201,210,219,227,236,244,252,260,268,276,283,291,298,305,313,320,327,334,341,348,354,361,367,373,379,385,391,398,403,409,415,421,427,433,439,445,451,456,462,468,474,479,485,490,496,501,506,511,517,522,527,532,538,543,548,553,558,562,567,572,576,580,584,587,591,594,597,600,602,605,607,609,611,612,613,614,614,614,613,612,611,610,609,608,607,606,605,604,604,603,602,602,601,601,

P01,S01,B01,TG100,DW500,6,500.0,100.0
640.0,626.0
765.0,159.5
100.0
653,653,653,653,653,653,653,653,653,654,654,654,654,654,654,655,655,656,657,658,659,662,664,667,670,674,678,681,685,689,693,696,699,703,706,709,712,714,717,719,722,724,726,728,730,731,733,734,736,736,737,738,738,738,739,739,739,739,740,740,740,740,741,741,741,742,742,743,744,745,746,747,748,750,751,752,753,754,755,756,757,757,758,759,760,761,762,763,763,764,765,765,766,766,767,767,767,767,766,766,766,766,766,765,765,765,765,764,764,764,764,764,765,765,765,765,765,766,766,767,767,
601,600,600,599,599,599,598,598,597,597,597,596,596,596,595,594,593,593,591,589,586,582,577,573,567,561,555,548,542,535,528,521,515,508,501,494,488,481,475,468,462,455,449,442,436,430,424,418,412,407,401,396,390,385,380,375,370,365,360,355,350,345,341,336,330,325,320,314,309,303,298,292,286,281,276,271,265,260,255,250,245,240,234,229,224,219,215,210,205,201,197,193,189,186,183,180,177,175,173,171,169,167,166,164,163,162,161,160,159,158,157,155,154,153,152,152,151,150,149,148,147,

P01,S01,B01,TG100,DW500,7,500.0,100.0
765.0,159.5
515.0,592.5
100.0
767,768,768,769,769,770,770,770,770,771,771,771,771,770,770,769,768,767,766,764,763,761,759,757,754,752,750,747,744,742,739,736,733,730,728,725,722,719,715,712,709,705,702,699,695,692,688,685,682,678,675,671,668,665,661,658,655,651,648,645,642,639,635,632,629,626,623,620,617,612,607,602,597,594,591,587,584,581,578,575,571,568,565,562,559,556,553,550,548,545,542,540,537,535,533,531,530,528,527,526,525,524,523,522,521,520,520,519,518,518,517,517,517,516,516,516,516,516,515,515,515,514,514,513,513,513,512,512,512,512,512,512,512,
147,146,145,144,144,143,143,142,142,141,141,141,142,143,144,145,147,149,151,154,158,162,165,169,174,178,183,189,194,199,204,209,214,220,225,231,236,241,247,252,258,263,268,274,279,284,289,294,299,304,309,314,320,324,329,334,339,344,349,354,359,364,369,374,379,384,389,394,399,406,415,421,429,434,439,444,449,454,459,464,469,474,479,483,488,493,498,502,507,511,516,520,525,529,532,536,539,543,546,549,552,554,557,560,563,566,568,571,573,575,577,579,581,583,584,586,588,589,591,593,595,597,599,601,603,604,606,608,610,611,613,614,615,

P01,S01,B01,TG100,DW500,8,500.0,100.0
515.0,592.5
856.5,251.0
100.0
512,512,512,513,514,514,515,517,518,520,522,524,526,527,529,531,533,535,537,539,541,543,545,548,550,553,556,559,562,565,568,571,574,577,581,584,587,591,594,597,600,603,607,610,617,620,624,627,631,635,639,646,650,653,657,661,664,668,671,675,678,682,685,689,693,697,701,704,708,712,716,720,724,727,731,735,738,742,745,749,752,756,759,763,766,769,772,776,779,782,785,787,790,793,795,798,801,804,806,809,812,815,818,820,823,825,828,830,833,835,836,838,840,841,843,844,845,846,847,848,850,851,852,853,855,857,859,861,862,863,864,865,866,867,
615,617,619,619,619,620,619,619,617,616,614,613,611,609,607,605,603,600,598,596,593,590,587,583,580,577,573,569,566,562,558,555,551,547,543,539,535,531,528,524,520,516,512,508,500,497,493,490,486,483,479,472,468,465,461,458,454,450,446,442,439,435,431,427,423,419,415,411,407,403,398,394,389,385,381,376,372,367,363,359,355,351,346,342,338,335,331,328,324,321,318,316,313,311,308,306,303,301,298,296,293,290,288,285,283,280,278,275,273,271,269,267,265,264,262,261,259,258,256,255,254,252,251,249,246,243,240,238,237,235,234,232,230,229,

P01,S01,B01,TG100,DW500,9,500.0,100.0
856.5,251.0
423.5,501.0
100.0
867,870,871,871,870,869,867,866,864,862,861,859,857,855,852,850,845,843,840,837,834,830,827,822,814,810,806,802,797,793,788,777,768,759,754,749,744,739,734,728,722,712,701,695,684,673,668,662,657,652,646,641,635,630,624,619,614,609,604,598,594,589,584,579,574,569,564,560,555,550,545,540,536,531,527,523,519,515,511,508,505,502,500,497,495,492,489,485,482,480,477,474,472,469,466,464,461,459,456,454,451,449,446,444,442,439,436,434,432,430,427,425,424,422,421,421,420,420,420,421,423,424,426,429,432,435,438,441,
229,224,222,221,221,222,222,223,224,225,226,227,229,230,232,234,237,240,243,246,249,253,257,261,269,274,278,282,287,291,296,306,315,324,329,333,338,343,347,352,357,365,373,377,385,391,395,398,401,404,407,410,413,416,419,422,425,427,430,433,436,439,441,444,447,449,452,454,457,460,462,465,467,470,472,474,476,478,480,482,483,484,486,487,488,489,491,493,494,495,497,498,499,500,501,502,503,504,505,506,507,508,509,510,511,512,512,513,514,515,516,516,517,517,516,516,515,514,513,511,509,506,503,501,497,494,491,489,

P01,S01,B01,TG100,DW500,10,500.0,100.0
423.5,501.0
890.0,376.0
100.0
441,446,453,456,460,463,467,470,473,477,480,483,486,489,492,495,498,501,504,507,510,514,517,521,525,529,533,538,543,548,554,559,566,572,578,585,592,599,607,614,622,629,637,645,653,661,668,676,683,691,699,706,713,720,727,735,742,749,755,761,768,774,780,785,791,796,801,806,811,815,820,824,829,834,839,843,847,852,856,861,865,869,873,876,879,882,885,887,889,890,892,893,894,895,896,897,899,900,901,902,903,904,905,907,908,908,909,910,
489,485,480,478,475,473,471,469,467,465,464,462,460,458,456,454,452,450,448,446,444,441,439,436,433,431,428,425,423,420,418,416,414,412,411,410,409,408,407,406,405,404,404,403,402,401,400,399,398,397,396,396,395,394,393,392,391,390,390,389,388,387,386,385,385,384,383,383,382,382,381,381,381,380,380,379,379,379,378,378,378,378,378,378,378,378,377,377,376,375,374,373,372,371,370,369,369,368,367,367,366,366,366,366,366,366,366,366,

P01,S01,B01,TG100,DW500,11,500.0,100.0
890.0,376.0
390.0,376.0
100.0
910,912,913,913,913,914,914,914,913,913,912,911,910,909,907,904,899,896,893,890,886,882,877,869,865,860,855,849,844,838,832,828,822,816,810,803,796,790,783,776,769,762,755,748,741,734,727,719,713,706,699,691,684,677,670,663,656,648,641,634,626,619,612,604,597,589,582,575,568,560,553,545,538,531,523,516,509,501,495,488,481,474,467,461,455,449,442,437,431,425,420,415,410,406,401,397,393,390,387,384,381,379,378,376,375,375,374,374,375,375,376,376,377,378,378,379,380,380,381,382,
366,366,367,367,368,369,370,371,372,374,375,377,378,380,382,385,389,391,393,396,398,400,403,407,409,411,413,414,416,417,418,418,418,418,418,418,417,417,416,415,414,412,411,410,408,407,405,404,403,401,400,399,397,396,395,394,393,392,391,390,389,388,386,385,384,383,382,381,380,379,378,377,376,375,374,373,372,371,370,369,368,367,366,365,364,364,363,362,361,361,361,361,360,360,361,361,361,361,361,361,361,361,361,361,360,360,360,360,359,359,359,359,359,359,359,359,359,359,359,359,

P01,S01,B01,TG100,DW500,0,125.0,100.0
702.5,376.0
585.9,344.8
100.0
722,722,722,722,721,720,720,718,716,714,712,710,707,702,698,695,693,690,686,684,682,679,677,675,672,670,668,665,663,661,659,657,655,653,652,650,649,649,648,648,648,648,648,648,648,647,647,647,646,645,644,643,642,641,640,638,636,635,634,633,631,628,627,625,624,623,621,620,618,617,616,614,613,612,611,610,609,608,607,606,606,605,605,604,604,603,603,603,603,604,604,604,604,605,605,605,605,606,606,606,607,607,607,607,608,608,608,608,608,607,607,607,607,606,606,606,605,605,605,604,604,604,604,603,603,
381,382,383,384,384,384,385,385,385,385,384,384,383,381,380,379,377,376,375,374,373,372,371,370,369,368,367,367,366,366,365,366,366,366,366,367,368,369,370,371,372,373,375,376,378,379,380,381,381,382,381,381,379,378,376,371,368,365,362,359,356,350,348,345,342,340,337,335,333,331,329,327,325,323,322,320,318,317,316,314,313,312,311,310,309,309,308,308,307,307,307,308,308,309,310,310,311,312,313,314,315,316,317,318,319,321,322,324,325,327,329,330,332,333,336,338,339,340,342,343,344,345,346,347,348,

P01,S01,B01,TG100,DW500,1,125.0,100.0
585.9,344.8
694.1,407.3
100.0
603,603,603,603,603,603,603,603,603,604,604,604,605,605,606,609,610,612,615,617,621,627,630,634,638,642,646,651,655,659,663,667,670,674,677,681,684,687,690,693,696,698,700,702,703,705,706,706,706,706,706,705,704,703,701,700,698,697,695,694,692,
348,349,351,353,354,355,355,356,357,358,359,360,360,361,362,363,363,364,366,367,369,373,375,377,379,381,383,385,387,389,391,393,395,397,398,400,402,403,404,406,407,408,409,410,411,412,413,414,414,415,415,416,416,416,416,416,416,415,415,414,414,

P01,S01,B01,TG100,DW500,2,125.0,100.0
694.1,407.3
608.8,321.9
100.0
692,691,689,688,686,685,684,682,681,680,679,678,677,676,675,674,673,672,671,670,669,668,667,665,664,662,661,659,657,656,654,652,650,648,646,644,642,640,638,636,635,633,631,630,628,627,626,625,624,623,622,621,620,620,619,618,618,617,617,616,615,615,614,614,613,612,612,612,611,611,611,610,610,610,610,
414,413,413,412,411,411,410,409,408,408,407,406,406,405,404,404,403,402,401,401,400,399,398,396,395,393,392,390,388,386,384,381,379,377,375,373,370,368,365,363,361,358,355,353,351,348,346,344,342,340,338,337,335,334,332,331,329,328,327,326,325,324,323,322,321,321,320,319,319,318,317,317,316,316,315,

P01,S01,B01,TG100,DW500,3,125.0,100.0
608.8,321.9
671.3,430.1
100.0
610,611,611,611,612,612,612,613,613,614,615,615,616,617,617,618,619,620,621,622,623,624,626,627,629,630,632,634,636,637,639,641,643,644,646,648,649,651,652,654,655,657,660,661,662,664,665,666,669,670,670,671,672,673,673,674,674,675,675,676,676,677,677,678,678,678,
315,315,315,315,314,314,314,315,315,315,315,316,316,316,317,318,319,320,322,325,328,330,334,337,341,345,349,353,358,362,366,371,375,380,384,388,392,396,400,404,408,413,418,421,424,427,429,431,436,437,439,440,441,442,442,443,443,444,444,444,444,444,444,444,443,443,

P01,S01,B01,TG100,DW500,4,125.0,100.0
671.3,430.1
640.0,313.5
100.0
678,679,679,679,680,680,680,681,681,681,681,681,681,681,681,680,680,679,678,677,676,675,674,673,671,670,668,667,665,663,662,660,658,657,655,654,652,650,649,647,646,644,643,642,641,640,639,638,638,637,637,637,637,637,638,638,639,639,640,641,641,642,643,643,644,
443,442,442,441,440,438,436,434,432,429,426,423,420,417,414,410,407,404,401,397,394,391,388,385,381,378,375,371,368,365,362,359,356,353,350,347,344,341,339,336,333,331,328,325,323,320,317,315,313,311,309,307,305,304,303,303,302,302,302,302,303,304,305,306,308,

P01,S01,B01,TG100,DW500,5,125.0,100.0
640.0,313.5
640.0,438.5
100.0
644,645,645,646,646,647,647,648,648,648,649,649,649,650,650,650,650,650,651,651,651,651,652,652,652,652,653,653,653,653,653,653,653,653,653,653,653,653,653,653,652,652,652,652,652,652,651,651,651,651,651,650,650,650,650,650,650,650,649,649,649,649,649,648,648,648,648,
308,310,311,313,315,317,319,320,322,325,327,329,331,333,335,337,339,342,344,347,350,352,355,359,362,365,369,372,376,379,383,386,389,393,396,399,402,405,408,411,414,416,419,421,424,427,429,431,433,435,437,439,440,441,442,443,443,443,443,442,441,441,439,438,437,435,434,

P01,S01,B01,TG100,DW500,6,125.0,100.0
640.0,438.5
671.3,321.9
100.0
648,647,647,647,646,646,646,645,645,645,645,645,645,645,645,645,645,644,644,644,644,645,645,645,645,645,645,646,646,646,646,646,646,647,647,647,647,647,647,647,647,647,647,647,647,647,647,647,647,647,647,647,647,647,647,646,646,646,646,646,646,646,646,646,646,645,
434,432,431,429,428,426,424,423,421,419,417,415,413,411,409,407,405,403,400,398,395,392,389,386,383,380,378,375,372,369,366,363,361,358,355,352,350,347,345,343,340,338,336,334,333,331,329,327,326,324,323,321,320,319,318,316,315,314,313,311,310,309,308,307,306,304,

P01,S01,B01,TG100,DW500,7,125.0,100.0
671.3,321.9
608.8,430.1
100.0
645,645,645,645,644,644,644,643,643,642,641,640,639,637,635,633,631,629,626,623,621,618,615,613,610,607,604,602,599,597,594,592,590,588,586,584,583,581,580,579,579,579,579,579,579,580,580,581,581,582,583,583,584,585,585,586,587,587,588,588,589,589,590,590,591,591,591,592,592,593,594,594,595,596,597,599,600,602,
304,302,300,299,299,298,297,297,297,297,297,297,298,300,301,303,306,308,311,314,317,320,324,327,330,333,337,340,343,346,349,353,356,359,362,365,368,371,375,378,381,383,386,389,392,395,398,401,403,406,408,411,413,415,418,420,422,424,427,429,431,433,435,437,438,440,442,443,445,447,448,449,450,450,451,451,451,450,

P01,S01,B01,TG100,DW500,8,125.0,100.0
608.8,430.1
694.1,344.8
100.0
602,604,605,607,609,611,613,615,618,623,626,628,630,631,633,635,637,638,640,642,644,646,648,650,653,655,657,659,661,663,666,668,670,672,674,676,678,679,681,683,685,686,688,689,690,692,693,694,694,695,695,695,695,695,696,696,696,696,696,696,
450,449,448,447,445,443,440,438,434,427,423,420,417,415,412,409,407,404,401,398,396,393,390,387,384,382,379,376,373,371,368,365,363,361,358,356,354,352,350,348,346,345,343,342,341,339,339,338,337,337,336,336,336,335,335,335,335,335,334,334,

P01,S01,B01,TG100,DW500,9,125.0,100.0
694.1,344.8
585.9,407.3
100.0
696,696,697,697,697,697,697,698,698,698,698,697,697,697,696,695,694,693,692,690,688,686,684,680,677,674,670,666,662,658,654,650,646,643,639,635,631,627,624,620,616,613,609,606,602,599,596,593,590,587,585,583,581,580,578,577,576,576,576,576,576,576,576,577,578,579,580,581,582,583,585,586,587,588,589,
334,334,333,332,332,331,331,330,330,329,329,329,329,329,329,329,329,330,331,331,333,334,335,337,339,341,343,345,347,349,351,353,354,356,358,359,361,362,364,366,367,368,370,372,373,374,376,377,379,380,381,382,382,383,384,384,384,385,385,385,385,386,386,386,385,385,385,385,384,384,384,384,383,383,383,

P01,S01,B01,TG100,DW500,10,125.0,100.0
585.9,407.3
702.5,376.0
100.0
589,591,592,593,594,595,597,598,599,600,602,603,604,605,607,608,609,611,613,615,617,619,621,624,627,629,633,636,639,642,645,649,652,655,659,662,666,669,672,675,678,681,684,686,689,692,695,697,699,701,703,705,707,709,711,712,714,716,717,719,721,722,724,725,726,728,729,730,
383,383,383,382,382,382,382,382,381,381,381,381,381,380,380,380,380,379,379,378,378,377,376,375,374,373,372,370,369,368,366,365,364,363,362,360,359,358,357,357,356,355,355,354,354,354,355,355,356,356,357,358,359,361,362,363,364,365,366,367,368,368,369,370,370,370,371,371,

P01,S01,B01,TG100,DW500,11,125.0,100.0
702.5,376.0
577.5,376.0
100.0
730,732,732,733,732,732,732,731,730,728,727,725,723,721,719,717,714,711,708,705,702,696,692,688,685,680,676,669,665,661,656,652,648,640,632,623,617,613,609,605,602,598,595,591,588,585,582,579,576,573,570,567,565,563,561,559,558,556,556,555,555,555,556,556,557,558,559,561,
371,372,373,373,373,374,374,375,375,376,376,377,377,378,378,379,379,380,380,380,380,381,381,381,381,381,381,381,381,381,381,381,381,381,382,382,382,382,382,382,382,382,382,382,382,382,383,383,383,383,383,383,383,383,383,383,383,382,382,381,380,379,378,377,377,376,375,375,

P01,S01,B01,TG100,DW500,0,250.0,40.0
765.0,376.0
531.7,313.5
40.0
770,770,770,769,769,769,769,768,768,768,767,767,767,766,766,766,765,764,764,763,762,761,760,759,757,753,751,749,747,744,741,735,732,729,725,722,718,714,711,708,704,700,697,693,688,685,681,677,673,669,665,660,657,652,648,644,640,636,631,625,621,617,613,610,605,599,595,592,589,586,583,580,578,576,573,571,569,566,563,561,558,556,553,550,548,545,543,540,538,535,533,531,528,524,522,521,519,518,517,516,516,517,518,519,520,522,523,525,527,528,530,532,534,536,537,539,541,543,544,546,548,549,550,552,553,554,555,556,557,558,558,559,559,560,560,560,560,560,560,559,559,558,557,556,555,554,553,551,550,549,547,546,545,544,543,542,540,539,538,537,536,535,535,534,533,532,531,530,530,529,529,529,528,528,527,527,527,527,527,527,527,527,527,527,527,527,527,527,527,527,527,527,527,527,527,527,527,527,527,527,526,526,526,526,525,525,525,524,524,524,523,523,522,522,521,521,521,520,520,520,520,520,520,520,520,521,521,522,523,523,524,525,526,527,528,530,531,532,533,534,536,537,538,540,541,542,543,544,545,546,547,547,548,548,548,548,548,548,548,547,547,546,545,544,543,542,541,540,539,538,537,536,535,534,534,533,532,532,531,531,530,530,529,529,528,528,528,527,527,527,527,526,526,526,526,526,525,
368,368,368,368,367,367,367,367,367,367,367,367,367,367,367,366,366,366,365,364,363,362,360,359,356,354,352,350,349,348,346,345,344,343,343,342,341,340,339,339,338,337,336,336,335,335,335,334,334,334,334,334,334,334,334,334,334,334,334,334,334,334,334,334,334,334,333,333,332,332,331,331,330,329,329,328,328,327,327,326,326,325,325,324,324,323,322,322,321,321,320,320,319,318,317,316,316,315,314,313,312,312,311,311,311,310,310,310,310,310,310,310,310,310,310,310,311,311,311,311,312,312,312,313,313,314,314,315,315,316,316,317,317,318,318,318,319,319,319,319,319,319,319,319,318,318,318,317,317,316,315,314,314,313,312,311,310,310,309,308,307,307,306,305,304,304,302,302,301,300,300,299,298,297,296,296,295,295,294,294,293,292,292,292,291,291,290,290,289,289,288,288,288,287,287,287,287,288,288,289,289,289,290,291,291,292,292,293,293,294,294,295,295,296,296,297,297,298,298,299,299,299,300,300,300,300,300,300,300,300,300,300,300,300,301,301,301,301,301,301,302,302,303,303,304,304,305,305,306,307,308,308,309,309,310,311,311,312,313,313,314,314,314,314,315,315,315,315,315,315,315,315,315,315,315,316,316,316,316,316,316,316,316,316,316,316,316,316,316,316,316,316,316,316,316,316,316,

P01,S01,B01,TG100,DW500,1,250.0,40.0
531.7,313.5
748.3,438.5
40.0
525,525,525,525,525,526,526,526,527,527,528,528,528,529,529,530,530,530,531,531,531,532,533,534,535,536,538,539,541,543,545,547,549,552,555,558,560,563,567,569,572,575,578,581,585,589,592,595,599,602,605,609,612,616,619,622,625,628,631,634,638,640,643,646,649,652,654,657,660,663,665,668,670,673,676,679,684,686,689,691,694,696,699,701,703,706,708,710,712,715,716,718,720,721,723,724,725,726,727,728,728,729,730,730,731,731,731,732,732,732,733,733,734,734,735,736,736,737,738,739,740,741,742,743,744,745,746,747,749,750,751,752,752,753,754,755,757,758,759,759,760,760,761,761,761,761,761,761,761,760,760,759,758,758,757,757,756,755,755,754,754,754,753,752,752,752,751,751,751,750,750,750,750,749,749,749,749,748,748,748,748,748,747,747,747,747,
316,315,315,315,315,314,314,314,314,313,313,313,313,313,312,312,313,313,314,314,316,317,319,321,323,325,326,328,330,332,334,335,336,337,338,339,340,341,342,343,344,345,346,347,348,348,349,350,350,351,352,352,353,354,354,355,356,356,357,358,358,359,359,360,361,362,363,364,365,366,367,368,369,370,371,373,375,376,377,378,379,380,381,382,383,385,386,387,388,390,391,393,394,396,397,399,401,403,404,405,407,409,410,412,413,415,416,417,419,420,422,423,424,425,427,428,429,430,432,433,434,435,436,436,437,439,440,442,443,444,445,446,446,447,448,449,450,450,450,449,449,449,448,447,447,446,446,446,445,445,444,444,443,443,443,442,442,442,442,441,441,441,441,441,441,441,441,440,440,440,440,440,440,440,440,440,440,440,440,440,439,439,439,439,439,439,

P01,S01,B01,TG100,DW500,2,250.0,40.0
748.3,438.5
577.5,267.7
40.0
747,747,746,746,746,746,746,745,745,745,745,745,744,744,744,743,743,742,742,741,740,738,737,736,734,733,731,728,726,724,722,720,718,715,714,711,709,707,704,702,699,698,695,693,691,689,686,684,682,680,678,675,673,671,668,666,664,662,660,658,656,654,652,650,648,646,644,642,640,637,636,634,633,631,630,627,626,624,623,622,620,617,616,615,613,612,611,609,608,607,606,604,603,602,600,599,598,597,595,594,593,591,589,588,587,587,586,585,585,584,584,584,584,585,585,586,586,586,586,587,587,587,587,587,587,588,588,588,588,588,588,588,588,587,586,586,585,585,584,583,582,582,581,581,580,580,579,579,578,578,577,576,576,576,575,575,575,574,574,574,574,574,574,574,574,574,574,575,576,576,577,578,579,580,581,582,584,585,586,587,588,589,590,591,592,593,593,594,595,595,596,596,596,596,595,595,594,593,592,591,591,589,588,587,586,585,585,584,583,582,581,580,580,579,578,578,577,576,576,576,575,575,575,574,574,574,574,574,574,574,575,575,575,576,576,576,577,577,578,578,578,578,579,579,579,579,580,580,580,580,580,580,581,581,581,581,581,581,581,581,581,581,581,581,581,581,581,580,580,580,579,579,578,578,577,576,576,575,575,574,574,573,573,572,571,571,571,570,570,569,569,569,569,569,569,569,569,569,569,569,569,569,569,570,570,570,570,571,571,572,572,572,572,573,573,573,573,573,573,574,574,574,574,574,574,574,575,575,575,575,575,575,575,575,575,575,575,575,575,575,
439,439,439,439,439,438,438,438,438,438,437,436,435,434,433,432,431,430,428,427,425,422,421,419,417,415,413,409,407,404,402,399,397,394,393,391,389,387,385,383,380,379,377,375,373,371,369,366,365,363,361,359,357,355,353,352,350,348,347,345,343,341,340,338,336,335,333,331,329,327,325,324,322,321,319,317,316,315,314,312,311,309,308,306,305,304,303,301,301,299,298,297,296,295,293,293,292,290,289,288,287,286,284,283,282,281,280,279,277,276,275,274,274,273,271,271,270,269,269,268,268,267,267,267,266,266,265,265,264,264,263,263,263,262,262,262,262,262,261,261,261,261,261,260,260,260,260,260,259,259,259,259,258,258,258,258,258,257,257,257,257,256,256,256,256,255,255,255,255,255,255,256,257,257,258,259,260,261,262,263,264,265,266,268,269,270,271,272,273,274,275,277,278,279,280,282,284,285,285,286,287,287,288,288,289,289,289,290,290,290,291,291,291,291,291,291,291,291,291,291,291,290,290,289,289,288,287,287,286,284,283,282,281,280,278,277,276,275,274,274,273,272,271,271,270,268,267,266,265,265,264,263,263,262,261,261,260,259,259,258,257,257,256,256,255,255,254,254,254,254,254,253,253,253,253,253,253,253,253,253,253,253,253,253,253,254,254,254,254,254,254,254,254,254,254,254,254,254,255,255,255,255,256,256,256,256,257,257,258,258,258,258,259,259,259,259,260,260,260,260,261,261,261,262,262,262,262,263,263,263,264,264,264,264,265,265,265,265,266,266,

P01,S01,B01,TG100,DW500,3,250.0,40.0
577.5,267.7
702.5,484.3
40.0
575,575,575,575,575,575,575,575,575,575,575,575,575,575,576,576,576,577,578,579,579,580,581,583,583,585,586,587,589,590,592,593,595,597,598,600,602,604,607,609,610,612,614,616,618,620,622,624,626,628,630,632,634,637,638,640,642,643,645,646,648,650,652,653,654,654,655,656,657,658,658,659,660,661,661,662,663,664,664,665,666,667,667,668,670,670,671,672,672,673,674,675,675,676,677,677,678,679,679,680,681,681,682,683,683,684,685,686,687,687,688,689,690,690,691,691,692,693,693,694,695,695,696,696,697,698,698,699,699,700,700,701,702,702,703,703,704,704,705,705,706,707,707,708,708,709,709,710,710,711,711,712,712,713,713,714,714,714,715,715,715,716,716,716,716,717,717,717,717,717,717,717,717,717,717,717,717,717,717,717,716,716,716,715,715,715,714,714,714,713,713,713,712,712,712,712,711,711,711,710,710,710,710,710,709,709,709,709,708,708,708,708,708,708,707,707,707,707,707,707,706,706,706,706,705,705,705,705,704,704,704,704,704,704,703,703,703,703,703,703,702,702,702,
266,267,267,267,267,267,267,267,268,268,268,268,269,269,269,270,271,273,275,277,279,281,283,286,288,290,293,296,298,301,304,307,309,312,314,317,320,324,329,332,334,337,339,342,344,347,350,352,354,356,358,361,363,365,367,369,370,372,374,376,378,381,383,385,386,388,390,392,394,396,397,399,401,403,405,407,409,410,412,414,416,418,419,422,425,427,428,430,432,433,435,437,439,440,441,443,445,446,448,450,451,452,454,456,457,458,460,463,464,465,467,468,469,471,472,473,474,476,477,478,480,481,482,484,485,486,487,489,490,491,492,493,494,495,496,497,498,498,499,499,500,500,501,502,502,502,503,503,503,504,504,504,504,505,505,505,505,506,506,506,506,506,506,506,506,506,506,506,506,506,506,506,505,505,505,504,504,504,503,503,502,502,501,501,500,499,499,498,498,498,497,497,497,497,496,496,496,496,495,495,495,494,494,494,494,494,493,493,493,493,493,493,492,492,492,492,492,492,491,491,491,491,491,490,490,490,490,490,489,489,489,489,489,489,489,489,489,489,489,489,489,489,489,

P01,S01,B01,TG100,DW500,4,250.0,40.0
702.5,484.3
640.0,251.0
40.0
702,702,702,702,701,701,701,701,701,701,701,701,700,700,700,700,700,700,699,699,699,699,699,699,698,698,697,696,696,695,694,693,691,690,689,688,687,686,685,684,683,682,681,680,680,679,678,677,676,675,674,673,673,672,671,671,670,670,669,669,668,668,667,667,667,666,666,665,665,664,664,664,664,663,663,662,662,662,661,661,660,660,660,659,659,659,658,658,658,657,657,657,656,656,656,655,655,655,654,654,654,653,653,653,652,652,652,651,651,651,650,650,649,649,648,648,647,646,646,645,645,644,643,643,642,642,641,640,640,640,639,639,638,638,638,638,637,637,637,637,637,637,637,637,637,637,637,637,637,638,638,638,639,639,639,640,640,640,641,641,641,642,642,642,642,642,642,642,642,642,642,641,641,641,641,640,640,639,639,638,638,637,637,636,636,636,635,635,634,634,634,634,633,633,633,632,632,632,632,632,632,632,633,633,633,634,634,635,635,636,636,637,637,638,639,639,639,640,640,641,641,641,642,642,642,643,643,643,643,644,644,
489,488,488,488,488,488,487,487,487,487,487,487,487,487,487,487,487,487,486,486,485,483,482,480,478,475,471,468,465,462,460,456,451,448,446,443,440,437,434,432,429,426,423,420,417,414,411,409,404,401,398,395,393,389,385,382,380,377,375,372,370,368,366,363,361,358,356,352,350,347,345,342,339,336,333,331,328,326,323,321,318,315,311,308,306,304,301,298,294,292,289,287,285,282,280,278,276,273,271,269,267,264,262,260,258,256,254,252,249,248,246,245,243,242,240,239,238,237,236,235,234,233,233,232,232,231,231,230,230,230,229,229,228,228,228,227,227,226,226,226,225,225,225,224,224,224,224,224,224,225,225,225,226,226,227,227,228,228,228,229,229,230,230,230,231,231,232,232,232,233,233,233,234,234,235,235,235,236,236,237,237,237,238,238,238,239,239,240,240,241,241,242,242,242,242,243,243,243,243,244,244,244,244,244,244,244,244,245,245,245,245,245,245,245,245,245,245,246,246,246,246,246,246,246,246,246,246,246,246,246,246,

P01,S01,B01,TG100,DW500,5,250.0,40.0
640.0,251.0
640.0,501.0
40.0
644,645,645,645,645,645,645,645,645,645,645,645,645,645,645,645,645,645,645,646,646,647,647,648,648,649,650,651,652,652,653,653,654,655,655,656,656,657,657,658,658,658,658,658,658,658,657,657,657,657,656,656,655,655,654,653,652,651,650,649,647,645,644,643,642,641,640,640,639,638,637,636,635,634,633,632,631,631,630,629,628,628,628,627,627,627,627,627,627,627,627,627,627,627,627,628,628,628,628,628,628,628,628,628,628,628,628,628,628,628,628,629,629,629,629,629,629,629,629,629,629,629,629,629,630,630,630,630,630,630,630,630,630,630,631,631,631,631,631,631,631,631,631,631,631,631,631,631,631,631,631,632,632,632,632,632,633,633,633,633,633,633,633,633,634,634,634,634,634,634,634,634,635,635,
246,246,246,246,246,246,246,246,247,247,247,247,247,247,247,248,249,250,252,254,258,265,269,274,280,285,293,302,308,313,319,324,330,335,339,343,348,351,355,359,363,365,368,371,374,376,379,382,384,386,389,391,394,396,400,405,408,411,415,419,424,430,435,439,443,447,452,456,459,463,467,470,474,477,480,482,485,487,490,492,494,496,497,498,500,501,502,503,503,504,504,505,505,504,504,503,502,502,501,500,500,499,498,498,497,497,496,495,495,494,493,493,492,492,491,491,490,490,490,490,489,489,490,490,490,490,491,491,491,491,492,492,492,492,493,493,493,493,494,494,494,495,495,496,496,497,497,498,498,499,499,500,500,501,502,502,503,503,504,504,505,505,506,506,506,507,507,508,508,508,508,508,508,507,

P01,S01,B01,TG100,DW500,6,250.0,40.0
640.0,501.0
702.5,267.7
40.0
635,635,636,636,637,637,637,638,638,638,639,639,639,639,640,640,640,641,641,641,641,642,642,642,643,643,644,644,645,646,646,647,648,649,650,652,653,654,654,655,656,657,658,659,659,660,661,661,662,663,664,664,665,666,666,667,668,668,669,670,670,671,672,673,673,674,675,676,677,677,678,679,680,681,681,682,683,683,684,685,686,686,687,688,688,689,689,690,691,691,692,693,693,694,694,695,695,696,697,697,698,698,699,699,700,700,701,701,701,702,702,703,703,704,704,704,705,705,705,705,706,706,706,706,707,707,707,707,707,707,708,708,708,708,708,708,708,709,709,709,709,709,709,709,709,709,709,709,709,709,710,710,710,710,710,710,710,710,710,710,710,710,709,709,709,709,708,708,707,707,707,706,706,706,705,705,705,704,704,704,703,703,703,702,702,701,701,701,700,700,699,699,
507,507,506,506,505,505,504,504,503,503,503,502,502,501,501,500,500,500,500,499,499,499,499,498,498,497,497,496,495,493,492,490,487,485,483,480,477,474,472,469,466,463,460,456,453,450,447,443,440,437,433,429,426,423,419,416,412,409,405,402,398,395,391,388,384,381,377,373,370,367,364,361,358,354,351,349,346,343,341,338,336,333,331,328,326,324,321,319,316,313,311,309,307,304,302,300,297,295,293,291,289,286,284,282,280,278,276,274,272,270,268,266,264,263,261,259,258,256,255,253,253,251,250,249,249,248,248,248,248,248,248,248,249,249,250,250,251,251,251,252,252,252,253,253,254,254,255,255,255,256,256,256,257,257,257,257,258,258,258,258,258,259,259,260,260,260,260,261,261,262,262,262,262,263,263,263,263,263,264,264,264,264,264,265,265,265,265,265,266,266,266,266,

P01,S01,B01,TG100,DW500,7,250.0,40.0
702.5,267.7
577.5,484.3
40.0
699,698,698,698,697,697,696,696,696,695,695,695,694,694,693,693,692,692,691,690,689,688,687,686,684,683,682,680,679,677,675,674,672,671,670,668,666,665,663,662,661,659,658,657,656,655,653,652,651,650,648,647,646,645,644,643,641,640,639,638,637,635,634,633,631,629,628,627,626,625,624,623,621,620,619,618,617,616,615,614,613,612,610,609,608,607,606,604,603,602,601,599,598,596,595,594,593,592,591,590,589,588,588,587,586,586,585,584,584,583,583,583,582,581,581,581,580,580,579,579,578,578,578,578,577,577,577,577,577,576,576,576,575,575,575,574,574,574,574,573,573,573,573,572,572,572,572,571,571,571,571,571,570,570,570,569,569,569,569,568,568,568,568,567,567,567,567,
266,267,267,267,267,267,267,268,268,268,268,268,269,269,269,270,270,271,272,273,274,276,278,279,281,283,286,288,291,294,300,302,305,308,310,314,318,320,322,325,327,330,332,334,336,338,341,343,346,348,350,353,355,357,360,362,365,367,369,372,374,377,380,383,389,392,394,397,401,404,407,410,414,417,420,423,426,429,432,436,438,441,444,447,450,453,456,461,464,466,468,470,473,477,478,480,482,483,485,486,487,489,490,491,492,492,493,494,495,495,496,497,498,499,499,500,500,501,501,501,502,502,501,501,501,500,500,499,499,498,498,497,496,496,495,494,494,493,493,492,492,491,491,490,490,490,489,489,489,488,488,488,487,487,487,487,487,486,486,486,486,485,485,485,485,485,484,

P01,S01,B01,TG100,DW500,8,250.0,40.0
577.5,484.3
748.3,313.5
40.0
567,567,567,567,567,568,568,568,569,569,570,570,571,571,572,572,573,573,574,575,576,577,578,580,582,584,587,589,591,594,597,600,603,606,608,611,613,616,618,621,624,629,631,634,636,639,642,646,648,651,653,655,658,661,663,665,667,669,671,674,677,678,681,683,685,687,689,692,693,696,698,700,702,704,706,710,711,713,715,716,719,721,723,724,726,727,729,731,732,734,735,737,738,740,742,743,745,746,748,749,751,752,753,755,756,757,758,759,760,760,760,760,760,760,759,759,758,758,758,757,757,756,756,756,756,755,755,755,754,754,754,753,753,753,753,752,752,752,752,752,752,752,752,752,751,751,751,751,751,751,751,751,751,751,751,751,751,751,751,751,751,751,751,751,751,751,751,751,751,751,751,
484,484,483,483,483,483,482,482,482,481,481,481,480,480,479,479,479,478,478,477,477,476,474,473,471,469,466,464,461,459,456,453,450,446,444,442,439,436,433,430,427,423,420,417,415,413,409,405,403,401,399,397,395,392,391,389,387,386,384,382,380,379,378,376,374,373,371,369,368,367,365,363,362,360,359,356,355,353,352,350,348,346,344,343,342,340,338,336,335,333,332,330,328,327,325,324,322,321,319,318,316,315,314,313,312,311,310,310,310,310,310,311,312,312,313,314,315,315,316,316,317,317,318,318,319,319,320,320,321,321,322,322,322,323,323,323,323,323,323,323,323,323,323,322,321,321,320,319,318,316,315,313,312,311,311,310,310,310,310,310,310,310,310,310,310,310,310,310,310,310,310,

P01,S01,B01,TG100,DW500,9,250.0,40.0
748.3,313.5
531.7,438.5
40.0
751,751,751,751,751,751,751,751,751,751,751,751,751,751,751,750,750,750,749,749,748,747,746,745,743,741,739,737,735,732,729,727,724,720,715,712,710,707,704,700,696,693,690,688,685,682,679,677,674,672,669,667,664,661,659,656,654,651,649,646,643,641,639,636,634,631,629,626,621,619,617,615,612,610,607,605,602,600,598,596,593,591,588,586,584,582,579,577,575,572,570,566,564,562,560,558,556,554,552,551,550,549,548,547,546,545,544,543,542,541,540,539,538,537,536,535,534,534,534,533,533,533,534,534,534,535,535,536,536,536,537,537,537,538,538,538,539,539,539,540,540,540,540,541,541,541,541,541,541,541,541,541,541,541,541,540,540,540,540,540,540,539,539,539,539,539,538,538,538,538,537,537,537,537,537,536,536,536,536,536,535,535,535,535,535,534,534,534,
310,310,310,311,311,311,311,311,312,312,312,312,312,313,313,313,313,314,314,315,316,317,318,319,321,322,324,326,327,329,331,333,334,336,338,340,341,342,343,345,347,349,350,351,352,354,355,356,357,358,359,361,362,363,364,365,367,368,369,370,372,373,374,375,377,378,380,382,385,387,388,390,392,393,395,397,399,400,401,403,404,406,407,409,410,411,413,414,416,417,419,421,423,424,425,426,428,430,431,431,432,433,434,435,436,436,437,438,439,440,440,441,442,442,443,443,443,443,443,443,442,442,441,440,439,438,437,437,436,435,434,434,433,432,432,431,430,429,429,428,428,428,427,427,427,427,427,427,427,428,428,428,429,429,430,431,431,432,432,433,433,433,434,434,435,435,435,436,436,437,437,438,438,438,439,439,440,440,441,441,442,442,442,443,443,443,444,444,

P01,S01,B01,TG100,DW500,10,250.0,40.0
531.7,438.5
765.0,376.0
40.0
534,533,533,532,532,532,532,531,531,531,531,531,531,531,532,532,533,535,537,539,542,544,547,550,554,557,561,565,568,572,576,580,583,587,592,595,598,602,605,609,613,617,623,627,630,633,637,642,647,650,653,657,660,663,667,669,672,675,678,681,685,688,691,694,697,700,703,706,710,713,718,721,724,727,730,734,738,741,744,746,748,750,752,754,755,757,758,760,761,762,763,764,765,765,766,767,768,768,768,769,769,769,769,769,769,769,768,768,768,768,768,768,768,768,768,768,768,768,768,
444,445,446,446,446,447,447,447,448,448,448,448,448,447,446,445,444,442,440,437,435,433,431,428,425,423,420,417,415,412,409,407,405,403,400,398,396,395,393,391,389,387,385,383,382,381,380,379,378,378,378,378,379,379,380,381,382,383,384,384,385,386,386,387,387,388,388,389,389,389,390,390,390,390,390,390,390,390,390,390,389,389,389,388,388,387,387,386,386,385,384,384,383,382,382,381,381,380,380,380,380,380,381,381,381,382,382,383,383,383,383,384,384,384,384,384,384,384,384,

P01,S01,B01,TG100,DW500,11,250.0,40.0
765.0,376.0
515.0,376.0
40.0
768,767,767,767,767,768,768,768,768,768,768,768,767,767,767,767,767,767,767,767,767,767,767,767,766,766,765,764,762,760,758,755,751,747,742,737,732,728,724,719,715,710,706,700,697,692,688,683,679,674,669,665,661,657,653,648,644,640,635,631,627,623,619,615,611,607,603,596,593,589,586,583,578,573,570,567,564,561,558,555,552,550,547,544,541,538,534,532,529,526,524,521,518,516,513,511,509,507,505,503,501,500,499,498,497,496,496,496,496,496,497,497,498,500,501,502,503,505,506,507,509,510,511,512,514,516,517,518,520,521,522,524,525,526,526,527,527,528,528,529,529,529,529,529,528,528,527,526,525,524,524,523,522,521,521,519,519,518,517,516,515,514,514,513,513,512,512,511,511,511,511,511,511,511,511,511,511,512,512,512,513,513,513,513,514,514,514,515,515,515,515,515,515,515,515,516,516,516,516,516,516,516,516,516,516,516,516,516,516,516,516,516,516,516,516,516,516,516,516,515,515,515,515,515,515,515,515,514,514,514,514,514,514,514,514,514,514,
384,384,384,384,384,384,384,384,384,384,384,384,384,384,384,384,383,383,383,383,383,383,382,383,383,383,384,385,386,387,389,391,393,395,396,397,398,398,398,399,399,398,398,398,398,398,397,397,396,396,395,395,394,394,393,392,392,391,391,390,390,389,389,389,388,388,388,387,387,387,387,386,386,386,385,385,385,385,384,384,384,384,383,383,383,382,382,381,381,381,380,380,380,379,379,379,378,378,378,377,377,377,377,376,376,376,375,375,375,375,374,374,374,374,374,374,374,375,375,375,375,376,376,376,377,377,377,377,377,377,377,378,378,378,378,378,378,378,378,378,378,378,378,378,377,377,376,376,375,375,374,374,373,373,372,372,371,371,370,370,369,369,368,368,367,367,366,366,365,365,364,364,364,363,363,363,363,362,362,362,362,362,362,362,361,361,361,361,362,362,362,362,362,362,363,363,363,363,364,364,364,364,365,365,365,365,366,366,366,366,367,367,367,367,368,368,368,368,368,369,369,369,369,370,370,370,370,371,371,371,371,372,372,372,372,372,372,

P01,S01,B01,TG100,DW500,0,500.0,60.0
890.0,376.0
423.5,251.0
60.0
896,896,896,896,896,895,895,894,893,892,891,890,889,888,887,886,885,884,882,880,878,875,871,867,863,858,853,847,841,835,829,824,818,812,806,800,793,782,776,770,763,757,749,736,730,722,715,708,699,691,686,679,672,664,658,650,643,637,630,623,617,610,604,596,590,584,577,571,565,559,551,540,535,529,523,517,510,500,495,490,484,479,474,465,461,457,454,451,447,445,443,441,439,437,434,432,430,428,426,423,421,419,417,413,411,409,408,406,405,404,403,403,403,404,405,406,407,410,412,415,417,420,423,426,429,432,436,441,444,446,449,451,454,457,459,461,463,464,466,467,469,470,471,473,474,475,476,477,479,480,481,482,483,483,484,484,484,485,484,484,484,483,482,481,480,479,478,475,474,472,470,468,466,464,462,460,459,457,455,454,452,451,449,448,447,446,445,444,444,444,443,443,444,444,444,445,445,445,446,446,446,445,445,445,444,444,443,442,441,440,439,438,437,436,435,434,432,431,430,429,428,427,426,425,424,424,423,423,422,422,422,422,421,421,421,421,420,420,420,420,419,419,419,419,418,418,
368,368,368,368,369,369,370,371,372,373,374,374,375,376,376,376,376,376,376,376,376,376,376,376,376,376,377,377,377,377,377,376,376,376,375,374,373,371,370,369,367,365,363,360,359,357,355,354,352,350,349,348,346,344,343,341,340,338,337,335,334,332,331,330,328,327,325,324,323,322,320,318,316,315,314,313,311,309,307,306,305,303,302,299,297,295,294,292,290,288,287,285,283,282,280,279,277,276,274,273,271,269,267,264,263,261,259,257,255,253,251,249,247,246,244,242,241,239,239,238,238,238,238,239,239,240,241,243,244,245,246,247,248,249,250,250,250,251,251,251,251,251,251,251,251,251,250,250,250,249,249,249,248,248,247,247,247,246,246,246,245,245,245,246,247,248,250,254,256,258,261,263,266,268,270,272,273,275,277,278,279,280,281,281,282,282,282,282,282,282,282,281,281,280,279,278,277,276,275,274,273,272,272,272,271,271,270,270,270,270,269,269,269,269,269,268,268,268,267,267,266,265,265,264,263,262,262,261,260,259,258,258,257,256,255,253,252,251,250,249,248,247,246,245,244,243,

P01,S01,B01,TG100,DW500,1,500.0,60.0
423.5,251.0
856.5,501.0
60.0
418,417,417,417,417,416,416,416,416,416,416,416,417,417,417,417,418,418,418,419,420,420,421,422,424,426,429,432,439,443,448,453,459,466,476,482,488,495,501,507,515,520,526,533,539,546,553,560,565,572,578,584,590,596,603,608,614,620,625,631,637,644,654,660,665,671,677,684,693,699,704,710,716,721,727,732,737,743,748,753,758,764,768,773,778,782,786,790,794,798,801,804,806,809,811,814,818,821,823,826,828,832,836,838,841,843,846,848,850,852,854,857,859,860,862,864,866,868,869,870,872,873,874,874,875,874,874,873,872,870,866,863,860,858,855,852,848,845,843,841,839,837,836,834,832,831,829,828,827,825,824,823,822,822,821,821,820,820,820,820,820,821,821,822,823,823,824,825,826,827,828,829,830,831,832,832,833,834,835,836,836,837,838,839,839,840,840,840,841,841,841,841,841,841,841,841,841,841,840,840,840,840,840,840,840,841,841,841,841,841,842,842,842,843,843,844,845,845,846,847,848,848,849,
243,240,239,238,237,236,235,235,234,234,233,232,232,231,231,230,230,230,229,230,230,230,231,232,233,235,237,239,242,244,246,248,250,253,257,260,263,266,269,272,277,279,283,287,290,294,298,302,305,309,313,317,321,324,329,332,336,340,344,348,352,357,363,367,370,374,378,382,388,392,395,399,403,406,409,412,416,419,423,426,429,432,435,438,441,444,447,449,452,455,457,460,463,465,468,472,476,478,480,482,485,487,491,492,494,496,497,498,500,501,502,504,505,506,507,508,509,510,511,512,513,513,513,513,513,512,512,511,511,510,510,510,510,509,509,508,508,507,507,506,506,505,505,505,505,505,505,505,505,505,506,506,506,506,506,506,506,506,506,506,507,507,507,508,509,509,510,510,511,512,512,513,513,514,514,514,514,515,515,515,516,516,516,516,517,517,516,516,516,515,515,514,513,513,512,511,510,509,508,507,506,505,504,503,502,502,501,500,500,500,499,499,498,498,498,497,497,496,496,495,495,495,495,

P01,S01,B01,TG100,DW500,2,500.0,60.0
856.5,501.0
515.0,159.5
60.0
849,850,851,852,852,853,853,854,854,855,855,856,856,856,857,856,855,852,849,847,843,840,836,831,827,822,816,811,805,799,792,787,781,775,769,764,758,752,743,738,733,728,724,717,710,705,700,696,691,685,677,673,669,665,660,656,651,649,645,641,638,634,630,626,624,620,617,613,610,607,604,599,596,594,592,590,588,584,582,580,578,576,574,570,569,567,565,563,562,560,559,557,556,555,553,552,550,549,547,546,545,543,542,540,539,538,537,535,534,533,531,530,529,528,526,525,524,522,520,519,517,516,515,514,511,510,509,508,507,506,506,505,504,504,504,503,503,503,
495,494,494,494,494,494,493,493,493,493,492,492,491,491,490,489,488,485,483,481,478,475,472,468,466,462,459,456,452,449,445,442,438,435,431,427,423,418,410,405,400,395,389,382,372,366,360,354,348,341,330,324,318,312,306,300,293,289,283,277,272,267,262,257,253,249,245,242,239,237,235,231,230,228,227,226,223,220,219,217,215,213,210,206,204,201,199,197,194,191,189,187,185,183,181,179,177,176,174,172,171,169,167,165,163,162,160,159,157,156,154,153,152,150,149,148,147,146,144,144,144,144,144,145,146,147,148,149,150,150,151,152,153,154,155,155,156,157,

P01,S01,B01,TG100,DW500,3,500.0,60.0
515.0,159.5
765.0,592.5
60.0
503,502,502,502,501,501,501,501,501,501,501,502,502,502,502,503,504,504,506,507,508,510,512,514,516,519,521,524,527,530,533,536,541,544,547,551,554,558,561,566,572,576,579,583,586,590,593,596,600,603,606,609,612,615,618,621,623,626,628,631,633,637,639,644,647,649,652,655,658,663,666,668,671,674,677,681,684,687,689,692,694,697,699,701,704,706,708,711,713,716,718,720,722,724,726,729,730,732,734,736,738,740,743,746,748,749,751,753,754,757,758,759,761,762,763,763,764,765,765,766,766,767,767,767,768,768,768,769,769,769,770,770,770,770,771,771,771,771,770,770,770,770,770,770,770,770,770,770,770,770,770,770,770,770,770,770,770,770,770,770,770,770,770,770,770,770,770,
157,158,158,159,160,160,161,161,162,163,163,164,164,165,165,166,166,166,166,166,167,167,168,169,170,172,173,175,178,181,184,187,191,195,198,201,205,208,212,216,222,226,228,231,235,238,241,245,249,252,255,260,264,269,274,280,286,291,297,303,310,317,324,335,341,348,354,361,369,380,386,393,399,406,413,424,430,437,443,449,455,461,466,472,478,483,488,493,499,503,508,512,516,520,523,527,530,533,536,540,543,546,549,554,557,560,563,566,569,573,576,578,581,583,585,588,590,592,594,596,599,601,603,605,607,609,610,612,614,615,616,616,616,615,615,614,613,612,611,610,609,609,608,607,607,606,606,606,605,605,605,605,605,605,605,605,604,604,604,604,604,604,604,604,604,604,604,

P01,S01,B01,TG100,DW500,4,500.0,60.0
765.0,592.5
640.0,126.0
60.0
770,770,770,770,770,770,770,770,770,769,769,769,768,768,767,766,765,764,763,762,761,759,757,755,754,753,751,749,746,745,743,742,740,738,735,733,731,729,728,726,724,723,721,720,719,717,716,714,713,712,711,709,708,707,705,703,702,701,699,698,697,695,694,693,691,690,689,687,686,685,684,683,682,680,679,678,677,676,675,674,673,672,671,670,669,668,667,666,665,664,663,662,661,660,659,658,657,656,655,654,653,652,651,650,649,649,648,647,647,646,646,646,645,645,645,645,645,645,645,645,645,645,645,645,645,644,644,644,644,644,644,644,644,644,644,644,643,643,643,
604,603,603,603,603,603,603,603,603,602,602,601,601,600,598,596,593,590,586,581,576,569,558,552,545,538,531,522,509,502,495,488,481,473,462,455,449,442,436,429,422,417,410,403,397,391,384,377,372,366,360,354,348,342,335,325,319,314,308,302,295,285,280,274,269,264,257,248,243,237,232,227,222,216,211,206,201,195,190,185,179,174,170,165,160,155,151,146,142,138,134,131,127,124,121,119,117,114,112,111,109,108,107,107,107,107,107,108,109,111,112,113,115,117,118,120,121,123,125,126,127,128,130,131,132,133,134,135,136,137,137,138,139,140,141,142,143,143,144,

P01,S01,B01,TG100,DW500,5,500.0,60.0
640.0,126.0
640.0,626.0
60.0
643,643,643,643,643,642,642,642,642,642,642,642,642,641,641,641,641,641,641,641,641,641,641,641,640,640,641,641,641,642,643,643,644,645,646,647,648,649,650,651,652,653,654,654,655,655,656,657,657,658,658,658,658,659,659,659,659,658,658,658,658,658,657,657,657,657,657,657,657,657,658,658,658,659,659,659,659,660,660,660,660,661,661,661,661,662,662,662,662,662,661,660,659,658,657,656,655,654,653,652,650,649,649,648,647,646,645,645,644,644,643,643,643,642,642,641,641,641,641,641,641,640,640,640,640,640,640,640,640,640,640,639,639,639,639,639,639,639,638,638,638,638,638,638,638,637,637,637,637,637,637,636,636,636,636,636,636,635,635,635,
144,145,146,147,147,148,148,149,150,151,151,152,152,152,152,152,152,152,153,153,154,156,158,161,164,169,175,181,188,196,204,213,221,230,239,249,258,267,276,286,294,304,313,322,330,339,347,355,364,373,380,387,394,401,408,415,422,434,440,447,453,459,466,473,478,484,490,497,503,509,517,521,528,534,540,546,552,559,564,570,576,582,587,593,599,609,614,619,623,627,632,639,642,646,649,652,656,659,661,664,666,669,671,674,676,677,679,680,681,682,682,682,682,682,681,680,679,678,676,672,670,668,665,663,660,656,654,652,650,649,647,645,644,642,641,640,638,637,635,634,633,632,631,630,629,628,627,627,626,625,624,623,622,622,621,621,620,619,618,617,

P01,S01,B01,TG100,DW500,6,500.0,60.0
640.0,626.0
765.0,159.5
60.0
635,635,635,636,636,637,637,638,638,639,639,640,640,641,641,642,643,644,645,646,648,649,651,653,655,658,660,662,665,667,669,673,675,676,678,680,682,685,686,688,690,691,693,695,696,698,699,702,704,706,708,709,710,711,712,713,714,715,716,717,718,719,720,721,722,723,724,725,727,727,728,729,730,731,732,733,734,735,736,737,738,739,740,740,741,742,743,744,745,746,746,747,748,749,749,750,751,752,753,753,754,755,756,757,758,759,759,760,761,761,762,762,762,762,762,762,762,762,762,763,763,763,763,763,763,763,763,763,763,763,763,
617,614,612,610,609,607,606,604,603,601,600,598,596,595,593,591,589,587,585,582,579,576,572,567,562,557,551,545,538,531,522,508,500,492,485,477,467,454,447,439,432,425,417,410,405,398,392,382,372,363,358,353,348,344,338,332,328,325,321,318,314,310,307,303,299,296,292,288,284,281,277,274,270,267,264,260,257,254,251,248,245,242,238,235,232,229,226,223,220,216,213,210,207,204,201,198,194,191,188,185,182,179,176,173,168,165,163,161,159,157,154,153,152,152,151,150,149,148,147,146,146,145,145,144,144,144,144,145,145,145,145,

P01,S01,B01,TG100,DW500,7,500.0,60.0
765.0,159.5
515.0,592.5
60.0
763,763,763,763,763,763,763,763,763,763,763,763,763,763,763,762,762,762,761,760,759,758,756,754,752,750,746,744,741,737,734,731,727,723,720,716,712,708,704,700,696,688,684,680,676,672,667,660,657,653,650,646,642,639,636,633,630,627,624,621,617,615,612,609,606,603,600,597,595,593,590,589,587,586,584,583,582,581,580,579,578,576,575,573,572,571,569,568,566,565,563,561,558,556,553,551,548,545,542,540,537,535,533,531,529,528,526,524,523,522,521,520,519,519,518,517,517,516,516,516,515,514,514,513,513,512,512,511,511,510,510,510,
145,146,147,147,148,148,149,149,150,150,151,151,151,152,153,154,155,156,158,160,162,165,169,172,176,180,186,190,195,200,206,212,218,226,232,239,246,253,261,269,278,292,300,308,315,322,332,344,351,357,364,371,378,386,391,397,404,411,417,424,432,437,443,449,455,461,467,473,477,482,486,491,494,497,501,506,509,511,514,517,521,525,528,530,533,536,539,542,544,547,551,554,557,562,565,568,572,575,578,580,583,585,586,588,590,591,592,593,593,594,594,595,595,595,595,595,596,596,596,596,597,597,598,598,598,599,599,599,599,600,600,600,

P01,S01,B01,TG100,DW500,8,500.0,60.0
515.0,592.5
856.5,251.0
60.0
510,509,509,509,508,508,508,508,508,508,508,508,508,508,508,509,509,510,511,512,513,515,517,522,526,530,534,539,545,554,560,566,572,577,584,590,595,601,607,612,618,623,629,633,639,643,648,653,657,662,665,670,673,677,681,685,689,696,700,703,707,711,715,720,723,726,729,732,736,739,741,744,747,750,752,755,759,761,764,767,770,773,775,779,782,785,788,791,794,797,801,806,809,811,813,816,818,821,822,824,825,826,828,829,830,831,832,833,834,836,837,838,839,840,841,842,843,844,845,846,847,847,848,849,850,852,853,853,854,855,856,857,858,858,859,859,860,860,860,860,860,860,860,860,860,859,859,859,858,
600,601,601,601,602,602,602,602,602,602,602,603,603,602,602,602,601,601,600,599,598,596,593,589,586,583,581,578,574,570,567,564,561,558,555,551,548,545,541,537,534,530,525,522,517,513,509,504,500,494,490,484,479,473,467,461,453,441,434,426,419,411,400,387,379,371,363,355,347,339,333,326,319,313,306,300,292,288,281,276,270,265,260,255,252,248,245,242,239,237,235,232,231,230,230,230,230,231,232,232,232,233,233,233,233,233,232,232,232,232,232,232,233,233,233,233,233,233,233,233,234,234,234,234,234,234,234,234,234,234,234,234,234,235,235,235,235,236,236,237,237,238,239,240,241,241,242,243,244,

P01,S01,B01,TG100,DW500,9,500.0,60.0
856.5,251.0
423.5,501.0
60.0
858,857,857,856,856,855,855,854,853,852,851,849,848,847,845,843,840,834,830,826,821,815,808,797,791,785,779,772,766,759,753,744,732,726,719,713,707,699,688,683,677,671,666,659,649,639,630,625,620,616,611,605,598,593,589,585,581,576,567,559,551,547,543,539,535,531,524,521,517,514,511,507,501,496,491,489,486,484,481,478,474,471,469,466,464,461,456,451,447,444,442,440,437,434,430,428,426,423,421,418,414,409,405,403,400,398,396,394,391,389,388,387,387,386,386,387,388,389,390,392,393,394,395,396,397,397,398,400,401,402,403,404,404,405,405,406,407,407,408,408,409,410,411,412,412,413,413,414,414,415,416,416,416,417,417,418,419,419,420,420,420,420,421,421,421,422,422,422,
244,245,245,246,247,247,248,249,250,250,251,253,254,255,257,258,261,266,270,274,278,282,287,295,299,303,307,311,315,318,322,326,332,335,337,340,342,344,347,348,349,350,351,352,355,358,361,363,366,368,371,374,378,381,383,386,389,392,398,404,410,413,415,418,420,423,427,428,430,432,434,436,439,442,445,447,449,451,453,456,460,462,464,467,469,472,477,483,487,490,492,494,497,499,503,505,507,509,511,513,516,519,522,523,524,525,526,527,528,528,528,528,527,525,523,519,515,513,509,506,503,500,498,496,494,493,491,488,486,484,483,482,482,481,481,481,481,482,482,483,483,484,486,486,487,487,488,488,489,490,490,491,491,492,492,493,494,494,495,495,495,496,496,497,497,497,497,498,

P01,S01,B01,TG100,DW500,10,500.0,60.0
423.5,501.0
890.0,376.0
60.0
422,423,423,423,423,424,424,424,424,424,425,425,425,426,426,427,428,429,431,432,435,439,442,445,448,452,457,465,474,484,491,496,501,506,511,516,521,525,530,535,541,546,551,556,562,567,572,577,583,588,595,604,609,614,619,625,631,639,645,649,654,658,663,667,671,676,681,685,689,693,697,702,706,710,715,719,723,727,732,736,740,745,753,758,762,766,770,776,784,788,792,796,800,805,810,813,817,821,825,829,834,839,841,845,849,853,857,861,865,869,875,878,880,883,885,887,890,891,892,893,893,894,894,894,893,893,893,892,892,891,891,890,889,888,887,887,886,885,885,884,
498,499,500,500,500,500,501,501,501,502,502,502,501,501,500,499,497,495,493,490,486,479,474,469,464,459,454,445,436,429,424,421,417,414,411,408,405,403,400,398,397,396,395,394,393,393,393,394,394,395,395,397,397,397,398,398,398,398,398,398,397,397,396,395,395,394,394,393,393,393,392,392,392,392,392,392,392,392,392,392,392,393,394,394,394,395,395,396,396,396,396,395,395,394,392,391,390,388,387,385,384,382,381,380,379,378,378,377,377,376,377,377,378,379,380,381,384,385,386,386,387,387,387,387,387,386,386,385,384,382,381,379,378,376,375,373,372,371,370,369,

P01,S01,B01,TG100,DW500,11,500.0,60.0
890.0,376.0
390.0,376.0
60.0
884,884,883,883,882,882,881,881,880,880,880,880,880,880,880,880,880,880,880,879,878,876,875,873,871,867,863,860,856,853,849,845,838,830,823,820,816,811,807,801,793,788,783,777,772,765,753,741,731,725,719,713,707,700,690,684,678,672,666,660,648,637,629,624,619,615,610,605,597,592,588,584,580,576,568,560,553,548,544,539,534,529,520,515,511,506,502,498,490,483,477,474,471,468,465,461,456,453,450,447,444,440,433,424,420,417,414,411,408,405,400,397,394,391,389,386,381,375,371,369,368,365,364,363,363,363,363,363,363,363,364,364,365,365,366,367,367,369,370,370,371,372,373,375,376,376,377,378,379,380,380,381,382,383,383,384,385,385,386,387,387,388,388,388,389,389,389,389,390,
369,368,367,367,366,366,366,366,366,367,368,368,369,370,372,374,377,379,382,387,394,399,405,410,415,420,427,430,433,435,437,439,441,443,443,442,441,440,439,437,434,433,432,432,431,431,431,432,432,432,432,432,433,433,434,434,435,435,435,435,435,436,437,438,438,439,439,440,440,440,441,441,442,444,446,448,449,450,450,450,450,449,448,446,445,443,440,437,431,424,417,413,410,406,403,400,396,395,393,392,391,391,389,387,386,386,385,384,383,382,380,378,377,376,375,374,372,370,369,368,367,366,366,366,366,367,367,368,369,370,370,371,372,373,374,375,376,378,379,379,380,381,382,384,384,385,385,386,387,387,387,387,387,388,388,388,388,388,388,388,388,388,388,389,389,389,389,389,389,

P01,S01,B01,TG100,DW500,0,500.0,40.0
890.0,376.0
423.5,251.0
40.0
891,891,892,892,892,891,891,891,891,890,890,888,887,885,883,880,877,873,869,864,858,851,845,837,828,823,815,807,800,792,785,776,770,763,757,750,743,737,729,718,712,706,701,695,687,679,673,668,663,658,652,646,642,637,632,627,622,617,611,608,603,598,593,588,584,578,574,569,564,559,554,550,544,535,530,526,521,516,510,503,499,494,490,486,481,477,473,469,465,461,457,452,447,444,440,436,433,429,426,422,420,417,415,413,411,410,409,408,407,407,407,407,407,407,407,407,407,406,406,406,406,406,406,406,406,406,406,406,406,406,406,406,406,405,405,405,405,405,405,405,406,406,407,407,408,408,409,410,410,411,411,412,413,413,414,415,416,417,418,419,420,421,422,423,423,423,423,423,423,423,423,423,423,423,423,423,423,423,423,423,423,424,424,424,424,424,424,425,
385,385,385,385,385,386,386,386,386,386,386,385,385,384,383,383,382,381,381,380,379,378,377,376,374,373,370,368,366,363,360,357,355,353,351,348,346,345,343,341,339,338,337,336,334,332,331,330,329,328,327,326,325,324,323,322,321,321,320,320,319,319,319,318,318,317,317,317,316,316,315,314,313,312,311,310,309,308,306,304,303,301,300,299,298,296,295,294,293,292,291,290,289,288,287,286,286,285,284,282,281,280,279,277,275,274,272,268,266,264,263,261,258,256,254,253,252,251,250,250,249,249,248,248,248,247,247,247,246,246,246,246,246,246,247,247,247,247,247,247,247,247,246,246,246,246,245,245,245,245,244,244,244,243,243,242,242,242,242,242,241,242,242,242,242,243,243,244,244,245,245,245,246,246,246,247,247,247,247,248,248,248,249,249,249,249,250,250,

P01,S01,B01,TG100,DW500,1,500.0,40.0
423.5,251.0
856.5,501.0
40.0
425,425,425,425,426,426,426,426,426,427,427,428,429,430,431,432,433,435,437,439,441,445,447,449,452,454,457,460,464,467,470,474,478,482,486,490,495,499,503,508,513,518,524,531,541,547,552,558,563,569,574,580,586,591,596,602,607,612,618,624,630,635,640,646,652,657,663,669,679,685,690,696,701,709,717,723,728,733,738,743,748,752,757,761,765,770,774,779,782,786,790,794,798,802,806,812,815,819,822,825,829,832,835,839,843,847,853,856,859,862,865,868,870,873,876,880,884,885,887,888,888,889,889,889,889,889,889,888,888,888,888,888,888,888,888,888,888,888,888,887,887,887,887,887,887,888,888,888,888,889,889,889,889,889,889,889,889,889,889,888,888,888,888,888,888,887,887,886,885,884,884,883,882,881,880,879,877,877,876,875,874,873,872,871,870,869,868,867,867,866,866,865,865,865,865,864,864,864,864,864,863,863,863,863,863,863,862,862,862,862,862,862,862,862,862,861,861,861,861,861,861,861,861,861,861,861,861,861,861,861,861,861,861,861,861,861,861,861,861,861,861,861,861,861,861,861,861,861,861,861,861,862,862,862,862,862,862,862,862,862,862,862,862,862,862,862,862,862,862,862,
250,251,252,252,252,253,253,253,254,254,255,256,257,258,260,263,266,270,275,279,286,297,304,310,318,323,330,336,343,350,355,361,366,371,376,381,386,389,393,396,398,401,404,406,410,412,413,415,416,418,420,422,424,426,428,431,433,435,438,440,443,445,447,449,451,453,456,458,461,463,465,467,468,469,471,471,472,472,472,472,472,471,471,471,471,471,471,471,472,473,474,475,477,479,481,486,488,490,493,495,497,499,501,503,505,507,510,512,513,515,517,518,519,520,522,523,523,524,524,524,525,525,526,526,526,527,527,527,526,526,526,526,525,525,525,525,525,524,524,524,524,524,523,523,523,522,522,521,521,521,521,521,521,521,521,521,521,522,522,522,522,522,522,522,522,522,522,522,522,522,521,521,520,519,518,517,516,515,514,512,511,510,509,508,507,506,505,504,504,503,502,502,502,501,502,502,502,502,503,504,504,505,506,507,507,508,508,509,509,510,510,511,511,512,512,512,513,513,514,514,514,515,515,515,516,516,516,516,516,515,515,515,514,513,512,511,510,510,509,508,507,506,505,505,504,503,503,502,502,502,501,501,501,501,501,501,501,501,501,501,501,501,501,501,501,501,501,501,500,500,
