# ========================================                      
# Test data for the AccuracyMeasures class                      
# ========================================                      
Participant,Session,Block,Gain,Mode,Trial,A,W
P01,S01,B01,100,M1,2,500,60
856.5,501.0
515.0,159.5
60
842,847,850,852,854,856,858,860,863,864,865,865,862,858,854,848,839,830,819,807,794,781,768,754,742,728,715,699,688,675,659,637,625,613,602,591,580,562,554,546,539,534,528,523,520,516,514,511,508,506,503,501,498,496,493,491,488,486,484,482,482,481,481,481,481,481,482,482,482,483,484,485,486,490,492,495,497,500,503,506,509,512,515,518,521,523,526,530,533,536,537,538,540,541,541,542,543,544,544,545,546,548,549,551,553,556,558,560,563,566,568,571,573,574,575,576,575,573,571,569,567,565,563,562,559,557,552,548,543,541,538,536,533,531,528,527,525,523,521,519,517,515,514,512,510,508,506,504,502
499,501,503,504,505,506,507,507,508,508,507,505,501,496,490,483,474,465,455,445,434,423,412,401,391,380,368,355,345,334,321,302,292,282,273,265,257,247,242,238,235,232,230,228,227,226,225,224,223,222,221,219,218,217,216,215,213,212,210,209,208,207,206,205,204,203,202,202,202,201,201,200,200,201,201,201,201,201,200,199,199,197,195,193,190,187,182,174,168,160,156,151,144,141,140,140,141,142,145,148,154,160,168,176,185,195,203,211,220,230,238,244,250,253,258,262,270,269,268,266,265,263,260,258,255,251,244,237,232,229,226,223,220,217,213,211,207,204,201,198,195,191,189,186,184,181,179,177,175
