App,Participant,Condition,Block,Trial,A,W,Ae,dx,PT(ms),ST(ms),MT(ms),Errors,TRE,TAC,MDC,ODC,MV,ME,MO
FittsTaskTwo,P99,C01,B01,0,300.0,30.0,288.12103541250855,-9.472647316140835,608,94,702,0,0,1,1,1,9.76342776780611,13.728944181079514,13.000849187255975
FittsTaskTwo,P99,C01,B01,1,300.0,30.0,295.0,-3.0,655,109,764,0,0,0,2,1,17.127265407501064,27.74999999999996,27.74999999999996
FittsTaskTwo,P99,C01,B01,2,300.0,30.0,294.45853553249486,-3.1351471961544677,687,109,796,0,0,1,1,1,15.832487343408424,20.019773302609043,-18.26212673117301
FittsTaskTwo,P99,C01,B01,3,300.0,30.0,295.98992196790596,-1.0168119624883092,593,93,686,0,0,1,2,1,9.024252718018369,9.538968674354882,8.015260042738506
FittsTaskTwo,P99,C01,B01,4,300.0,30.0,290.2414100584968,-6.563239500771394,531,78,609,0,0,0,1,0,3.8421104887429998,4.461688864936552,-4.118417236490279
FittsTaskTwo,P99,C01,B01,5,300.0,30.0,299.84813217037447,2.214128736627026,561,78,639,0,0,1,1,1,6.845395652758814,7.15831960546847,4.6699944781400955
FittsTaskTwo,P99,C01,B01,6,300.0,30.0,301.9355819501667,3.477879754361398,593,78,671,0,1,1,2,2,6.390471704572827,6.163910842749027,2.4253576347371717
FittsTaskTwo,P99,C01,B01,7,300.0,30.0,288.8579614625602,-9.323191530045946,624,78,702,0,0,0,0,1,3.0153945701849674,5.781525799614352,-5.781525799614352
FittsTaskTwo,P99,C01,B01,8,300.0,30.0,296.9470038979814,-1.2341490946247626,593,109,702,0,0,0,2,0,9.10049595718546,13.812947337695917,13.383678087391646
FittsTaskTwo,P99,C01,B01,9,300.0,30.0,292.58752365087173,-5.870178544933558,655,78,733,0,0,1,1,1,8.897464449291032,9.958063015947097,-7.127450250376935
FittsTaskTwo,P99,C01,B01,10,300.0,30.0,297.9464677319361,0.3124642981886116,671,78,749,0,0,0,0,0,2.3599643845966405,2.1911056312783637,-1.0106482297661668
FittsTaskTwo,P99,C01,B01,11,300.0,30.0,288.99816807914124,-7.806481480126962,640,78,718,0,0,0,2,1,9.84398062076452,15.752063592090442,15.623284537318295
FittsTaskTwo,P99,C01,B01,12,300.0,30.0,300.63628126669346,3.629547336299217,499,78,577,0,0,0,2,0,3.814807963909007,7.78283091733242,7.78283091733242
FittsTaskTwo,P99,C01,B01,0,300.0,60.0,292.27770966936066,-5.3159730592886705,530,47,577,0,0,0,2,1,10.675726271592177,15.29369726728247,15.29369726728247
FittsTaskTwo,P99,C01,B01,1,300.0,60.0,296.0,-2.0,421,94,515,0,0,1,2,1,7.745852241706805,10.666666666666602,8.70833333333326
FittsTaskTwo,P99,C01,B01,2,300.0,60.0,276.2625847638172,-21.331097964832185,655,109,764,0,0,0,0,1,2.711161182142194,2.8512990048995093,2.033693323611786
FittsTaskTwo,P99,C01,B01,3,300.0,60.0,302.2052692617913,5.198535331397034,546,109,655,0,0,0,2,1,9.99487236443825,21.59100112785857,21.476280741482707
FittsTaskTwo,P99,C01,B01,4,300.0,60.0,276.9666854008791,-19.837964158389077,422,93,515,0,0,0,2,0,4.417043041810639,7.077086555891469,6.977489141721421
FittsTaskTwo,P99,C01,B01,5,300.0,60.0,250.19990707001452,-47.43409636373295,437,78,515,1,0,0,2,1,5.596668121634318,9.582749756440013,9.582749756440013
FittsTaskTwo,P99,C01,B01,6,300.0,60.0,312.74113321010435,14.283431014299069,424,100,524,0,0,0,0,0,2.154951684761499,5.480219221451427,5.480219221451427
FittsTaskTwo,P99,C01,B01,7,300.0,60.0,282.7811186379403,-15.400034354665797,510,80,590,0,0,0,0,1,4.404586214229533,4.26214834484801,-1.7827056654463018
FittsTaskTwo,P99,C01,B01,8,300.0,60.0,287.50308039128737,-10.678072601318785,438,63,501,0,0,0,2,0,4.469897429527774,4.770079570127083,3.489270774382335
FittsTaskTwo,P99,C01,B01,9,300.0,60.0,279.3327141053481,-19.124988090457183,483,63,546,0,0,0,2,1,4.66706523225967,11.08501055700853,-11.08501055700853
FittsTaskTwo,P99,C01,B01,10,300.0,60.0,283.0153780421479,-14.618625391599547,546,93,639,0,0,2,1,0,4.998421069048691,4.6800710261323895,-1.359746843044498
FittsTaskTwo,P99,C01,B01,11,300.0,60.0,279.11624741396537,-17.688402145302785,624,78,702,0,0,0,1,1,2.5323698607797676,2.3795966921933487,-1.5798709493754992
FittsTaskTwo,P99,C01,B01,12,300.0,60.0,297.55890996300377,0.5521760326095075,484,78,562,0,0,0,1,0,4.820621151123544,7.255178043198543,7.18041852061528
FittsTaskTwo,P99,C01,B01,0,500.0,60.0,498.893637592749,2.4210804458307633,624,78,702,0,0,0,2,1,6.6837694748756835,7.499676023848204,7.030633650177321
FittsTaskTwo,P99,C01,B01,1,500.0,60.0,482.99999999999994,-13.00000000000003,577,109,686,0,0,0,2,1,12.427431201888247,11.183098591549383,-10.957746478873325
FittsTaskTwo,P99,C01,B01,2,500.0,60.0,459.6165421736975,-36.85601497322075,1077,109,1186,1,0,1,2,0,8.89222610276057,9.234649396025635,7.066163475702378
FittsTaskTwo,P99,C01,B01,3,500.0,60.0,490.4440333295079,-6.507674585858856,856,99,955,0,0,0,2,1,9.113601017660894,23.011616198688166,-23.011616198688166
FittsTaskTwo,P99,C01,B01,4,500.0,60.0,492.11909127359127,-4.4944405597650325,640,110,750,0,0,0,2,1,7.674435433344776,11.422756909647433,-11.422756909647433
FittsTaskTwo,P99,C01,B01,5,500.0,60.0,454.2960145892239,-41.67575880115767,780,124,904,1,0,0,1,1,5.3397619792156785,7.758571081092031,-7.033894044772479
FittsTaskTwo,P99,C01,B01,6,500.0,60.0,488.068708737883,-8.189288678783345,964,96,1060,0,0,1,1,0,7.921955873522968,8.178004225879397,-4.80878900173421
FittsTaskTwo,P99,C01,B01,7,500.0,60.0,469.80928430108975,-26.828410603354634,542,93,635,0,0,0,2,1,13.184193942142787,19.2775696250315,-19.2775696250315
FittsTaskTwo,P99,C01,B01,8,500.0,60.0,486.97874221273827,-9.658952691706109,562,109,671,0,0,0,2,1,17.098577905592062,25.759220718156353,25.359486507563915
FittsTaskTwo,P99,C01,B01,9,500.0,60.0,461.85653670697405,-34.401460709692266,499,78,577,1,0,0,1,1,4.066965842171241,7.0134297207366405,6.912280563055203
FittsTaskTwo,P99,C01,B01,10,500.0,60.0,481.35803851903216,-14.613734871349358,486,80,566,0,0,1,2,0,8.134124255966094,11.60960117427178,10.594665774009382
FittsTaskTwo,P99,C01,B01,11,500.0,60.0,506.63742301010825,10.023891176751942,530,90,620,0,0,0,2,0,3.4702423244198433,6.505735660703989,-6.249234760070947
FittsTaskTwo,P99,C01,B01,12,500.0,60.0,487.832109516136,-9.11959839923079,509,78,587,0,0,2,2,0,11.967756971120293,11.168828545404455,6.641649268525274
FittsTaskTwo,P99,C01,B01,0,500.0,30.0,488.4660723114962,-8.006484835422034,671,78,749,0,0,1,2,1,5.6668473601345335,5.408265808256975,3.068760868296574
FittsTaskTwo,P99,C01,B01,1,500.0,30.0,500.0,4.0,499,93,592,0,0,1,2,1,5.134164890496494,4.0701754385964986,0.8771929824560284
FittsTaskTwo,P99,C01,B01,2,500.0,30.0,487.24344682845185,-9.229110318466384,609,78,687,0,0,0,1,0,7.608072652234139,14.998686748022342,-14.998686748022342
FittsTaskTwo,P99,C01,B01,3,500.0,30.0,490.1562790110856,-6.795428904281159,749,93,842,0,0,0,2,1,15.144132229981755,26.47063042640817,-26.47063042640817
FittsTaskTwo,P99,C01,B01,4,500.0,30.0,493.9635839047493,-2.649947928606982,702,63,765,0,0,1,3,0,15.176086884267303,12.262594311090522,-2.4304341487244723
FittsTaskTwo,P99,C01,B01,5,500.0,30.0,491.1569832589271,-4.814790131454478,686,78,764,0,0,1,2,1,29.377349359063125,32.41101254318431,30.5050254685335
FittsTaskTwo,P99,C01,B01,6,500.0,30.0,489.584049556398,-6.6739478602683455,702,78,780,0,0,0,2,0,7.77902701108545,6.194249688564741,-4.467161993166751
FittsTaskTwo,P99,C01,B01,7,500.0,30.0,486.71094135637037,-9.926753548074057,686,110,796,0,0,1,2,1,9.959601925221826,7.179688010572179,-2.450503371302248
FittsTaskTwo,P99,C01,B01,8,500.0,30.0,498.98548286327895,2.347787958834547,514,78,592,0,0,0,2,0,6.873510006775309,7.813905468344789,7.11585132634756
FittsTaskTwo,P99,C01,B01,9,500.0,30.0,494.71041530414027,-1.547582112526045,578,62,640,0,0,2,1,1,6.726548758469232,5.707205059847432,-0.43748955873330586
FittsTaskTwo,P99,C01,B01,10,500.0,30.0,496.5403541345483,0.5685807441667382,796,109,905,0,0,1,3,0,8.336487229239431,9.35532821089018,8.785717895434791
FittsTaskTwo,P99,C01,B01,11,500.0,30.0,486.29967674952275,-10.313855083833557,624,93,717,0,0,0,1,1,5.865760296054042,14.312908157631448,-14.312908157631448
FittsTaskTwo,P99,C01,B01,12,500.0,30.0,496.9959778105087,0.04426989514195574,827,78,905,0,0,1,2,2,13.491560246412337,19.915128543119316,19.195886480489275
