TRACE DATA
App,Participant,Condition,Block,Sequence,A,W,Trial,from_x,from_y,to_x,to_y,{t_x_y}
FittsTaskTwo,P99,C01,B01,1,300,30,1,626,232,697,521,t=,16,31,31,47,47,47,62,62,78,78,94,109,109,109,125,125,140,140,156,156,172,172,187,187,203,203,218,234,250,250,265,265,281,281,296,296,312,312,328,328,343,343,359,359,374,374,390,390,406,406,421,421,437,437,452,452,468,468,484,484,499,499,515,530,608,686,702,702,
FittsTaskTwo,P99,C01,B01,1,300,30,1,626,232,697,521,x=,635,634,633,633,633,633,634,636,639,643,645,646,648,648,649,649,650,652,653,655,656,656,657,657,657,657,657,657,658,659,660,662,664,665,667,669,670,671,671,672,672,673,673,674,674,675,676,678,679,682,684,686,688,690,692,693,693,694,694,695,695,696,696,697,697,698,698,698,
FittsTaskTwo,P99,C01,B01,1,300,30,1,626,232,697,521,y=,237,246,259,274,290,306,321,336,350,364,378,391,402,412,421,429,436,441,445,448,451,454,457,460,462,463,465,466,467,467,469,470,472,474,476,478,479,481,482,484,485,487,489,491,493,495,497,499,501,503,505,507,508,510,511,512,513,513,514,514,515,515,516,516,516,514,511,511,
FittsTaskTwo,P99,C01,B01,1,300,30,2,697,521,697,223,t=,0,16,16,31,31,47,47,62,62,78,78,94,94,109,109,125,125,140,140,156,156,172,172,187,187,203,203,218,218,234,234,250,250,265,281,296,296,296,312,312,328,343,343,359,359,374,374,374,390,390,406,421,421,421,437,437,452,468,655,764,
FittsTaskTwo,P99,C01,B01,1,300,30,2,697,521,697,223,x=,698,699,699,699,699,701,702,704,707,711,715,718,722,725,728,730,733,735,736,738,740,741,742,743,743,744,744,745,745,746,746,746,746,746,746,744,743,741,740,738,737,735,733,730,728,724,721,718,715,713,712,710,709,708,706,705,704,703,703,703,
FittsTaskTwo,P99,C01,B01,1,300,30,2,697,521,697,223,y=,511,502,495,486,475,463,450,436,420,404,388,372,357,343,329,316,303,290,278,267,259,253,249,246,244,242,240,238,236,234,232,230,229,228,227,226,226,225,225,225,225,225,226,226,226,226,226,226,226,226,226,225,225,225,225,225,226,226,226,226,
FittsTaskTwo,P99,C01,B01,1,300,30,3,697,223,626,512,t=,0,16,32,47,47,63,63,78,78,94,94,110,110,125,125,141,141,156,156,172,172,188,188,203,203,219,219,234,234,250,250,266,266,281,281,297,297,312,328,328,344,344,359,359,375,375,390,390,406,422,437,437,515,531,609,624,640,671,671,687,687,796,
FittsTaskTwo,P99,C01,B01,1,300,30,3,697,223,626,512,x=,703,702,701,698,694,690,684,679,674,668,662,656,651,647,643,639,635,631,627,623,620,616,613,611,610,609,609,608,608,607,606,604,603,602,601,601,600,600,601,602,604,606,608,610,612,613,615,615,617,618,620,621,630,630,630,630,630,630,630,630,631,631,
FittsTaskTwo,P99,C01,B01,1,300,30,3,697,223,626,512,y=,226,226,228,235,243,254,266,278,291,304,319,331,343,354,363,372,381,389,397,403,410,416,421,426,429,432,435,438,441,444,447,449,452,454,456,457,457,458,460,461,463,465,467,469,471,474,476,478,482,484,487,489,504,505,506,507,508,509,510,510,510,510,
FittsTaskTwo,P99,C01,B01,1,300,30,4,626,512,764,249,t=,0,47,47,62,62,78,78,94,94,125,125,140,140,156,156,172,172,187,187,203,203,218,218,234,234,250,250,265,281,281,296,296,312,312,328,328,343,343,359,359,374,374,390,390,406,406,421,421,437,437,452,452,468,484,546,577,593,686,
FittsTaskTwo,P99,C01,B01,1,300,30,4,626,512,764,249,x=,631,631,633,634,636,638,641,645,650,656,674,680,687,693,699,705,712,719,725,732,738,744,750,754,757,759,760,760,761,761,761,761,762,762,763,764,764,765,765,766,766,766,766,766,764,763,762,761,760,759,759,759,759,759,759,758,758,758,
FittsTaskTwo,P99,C01,B01,1,300,30,4,626,512,764,249,y=,510,509,507,504,500,494,487,477,467,456,423,411,400,391,381,371,362,353,344,337,329,323,317,313,310,308,306,305,303,302,299,296,293,289,285,282,279,277,275,274,273,272,270,269,267,264,261,258,255,253,251,250,249,248,247,247,247,247,
FittsTaskTwo,P99,C01,B01,1,300,30,5,764,249,567,471,t=,0,16,16,32,32,47,47,63,63,78,78,78,94,94,110,125,125,141,141,141,156,156,172,172,188,203,203,203,219,219,234,234,250,250,266,281,281,281,297,312,312,375,375,390,390,406,406,422,500,515,531,609,
FittsTaskTwo,P99,C01,B01,1,300,30,5,764,249,567,471,x=,758,751,745,738,730,720,709,697,685,675,664,656,646,637,630,623,616,611,607,603,599,597,596,594,593,592,591,589,588,586,585,584,582,582,581,581,580,579,578,578,577,576,574,573,572,571,570,570,569,569,569,569,
FittsTaskTwo,P99,C01,B01,1,300,30,5,764,249,567,471,y=,247,253,261,268,278,288,299,311,324,336,347,358,368,377,385,393,401,408,414,420,424,428,432,435,438,441,443,446,449,451,452,454,455,456,456,457,457,458,458,459,459,459,460,461,461,462,462,463,463,464,464,464,
FittsTaskTwo,P99,C01,B01,1,300,30,6,567,471,812,302,t=,0,31,31,47,47,62,62,78,78,93,93,109,109,125,125,140,140,156,156,171,171,187,187,203,203,218,218,234,234,249,249,265,265,281,281,296,296,312,312,327,327,343,343,359,359,374,374,390,390,405,405,421,421,437,437,499,561,639,639,
FittsTaskTwo,P99,C01,B01,1,300,30,6,567,471,812,302,x=,569,571,577,584,593,605,616,627,638,651,664,676,687,697,708,717,725,733,740,749,756,762,768,772,775,778,780,782,783,785,787,788,790,791,793,794,796,798,799,801,803,804,806,807,809,810,811,812,812,813,813,814,814,815,815,815,815,814,814,
FittsTaskTwo,P99,C01,B01,1,300,30,6,567,471,812,302,y=,464,461,457,450,444,436,428,422,414,407,400,393,386,380,373,368,363,358,354,350,347,344,342,340,339,338,338,337,336,335,333,332,330,329,328,327,326,325,325,324,323,323,322,321,320,318,316,314,312,310,309,307,305,304,303,302,302,301,301,
FittsTaskTwo,P99,C01,B01,1,300,30,7,812,302,533,408,t=,0,16,16,32,32,47,47,63,63,78,78,94,94,110,110,125,125,141,141,156,156,172,172,188,188,203,203,219,219,234,234,250,250,266,266,281,297,312,328,344,344,359,359,375,375,390,390,406,406,422,422,437,437,453,453,468,484,500,593,671,
FittsTaskTwo,P99,C01,B01,1,300,30,7,812,302,533,408,x=,814,805,798,790,780,768,754,740,725,710,696,681,666,653,638,625,613,603,593,583,574,567,560,554,549,545,541,538,535,533,531,529,528,527,525,524,523,522,521,520,519,518,517,516,516,516,516,516,516,517,518,520,521,522,524,525,526,527,527,527,
FittsTaskTwo,P99,C01,B01,1,300,30,7,812,302,533,408,y=,301,302,304,306,310,315,321,326,333,340,347,354,359,366,373,380,385,391,395,399,402,405,407,409,411,413,415,416,417,417,418,418,419,419,420,421,421,421,421,421,421,421,421,420,419,417,415,413,411,409,407,405,404,404,403,402,402,402,402,402,
FittsTaskTwo,P99,C01,B01,1,300,30,8,533,408,829,372,t=,0,16,47,47,63,63,78,78,94,94,109,109,125,125,141,141,156,156,172,172,187,187,203,203,219,219,234,234,250,250,265,265,265,281,281,297,312,312,328,328,328,343,344,359,359,375,375,390,390,406,406,421,421,437,437,453,453,468,468,484,499,515,531,562,624,687,702,702,702,
FittsTaskTwo,P99,C01,B01,1,300,30,8,533,408,829,372,x=,527,527,535,543,551,561,571,581,590,599,607,617,626,635,644,653,662,672,683,693,702,710,716,721,725,728,730,732,734,736,739,743,747,753,758,762,767,771,775,779,783,786,790,794,797,800,803,805,808,810,812,814,815,817,818,820,821,823,824,825,826,827,828,829,829,829,825,819,819,
FittsTaskTwo,P99,C01,B01,1,300,30,8,533,408,829,372,y=,402,401,399,397,396,396,395,394,392,391,389,388,387,385,384,383,382,381,381,380,379,378,377,376,376,376,376,376,376,376,376,376,376,376,376,376,376,377,377,377,377,376,375,374,373,372,371,370,370,370,370,370,370,370,370,370,370,370,370,370,370,370,370,370,370,369,368,367,367,
FittsTaskTwo,P99,C01,B01,1,300,30,9,829,372,533,336,t=,0,16,16,31,31,47,47,63,63,78,78,94,94,109,109,125,125,141,141,156,156,172,172,187,187,203,203,219,219,234,234,250,250,265,265,281,281,297,297,312,312,328,328,343,343,359,359,375,375,390,390,406,421,437,453,453,468,468,484,499,499,515,515,515,531,546,546,562,562,593,702,
FittsTaskTwo,P99,C01,B01,1,300,30,9,829,372,533,336,x=,819,813,805,797,787,775,763,748,731,714,698,682,667,654,644,635,627,621,615,611,607,604,602,600,598,596,594,591,589,586,583,580,577,576,574,573,572,570,569,567,564,561,558,554,551,548,546,544,543,543,542,542,542,541,541,540,540,539,539,539,538,538,537,537,536,536,535,535,534,534,534,
FittsTaskTwo,P99,C01,B01,1,300,30,9,829,372,533,336,y=,367,367,366,365,365,365,367,368,370,371,372,372,372,372,372,373,373,373,373,372,371,370,369,368,367,366,365,365,364,364,364,363,363,362,362,361,361,361,360,360,359,359,358,357,355,354,352,351,349,348,348,347,346,346,345,345,344,344,343,342,342,341,341,340,340,339,339,338,338,338,338,
FittsTaskTwo,P99,C01,B01,1,300,30,10,533,336,812,442,t=,0,16,31,31,47,47,63,63,78,78,94,93,109,109,125,125,141,141,156,156,172,172,187,187,203,203,219,219,234,234,250,250,265,265,281,281,297,297,312,312,328,328,343,343,359,359,375,390,390,406,406,421,437,453,468,484,499,515,531,546,562,562,577,577,655,733,
FittsTaskTwo,P99,C01,B01,1,300,30,10,533,336,812,442,x=,534,539,548,558,568,578,589,599,611,622,634,645,657,667,676,685,694,703,711,719,727,733,739,743,746,749,752,755,759,763,767,772,775,779,782,784,786,788,789,790,790,791,791,792,792,793,793,794,794,795,796,797,798,799,800,801,802,803,804,805,806,807,807,808,808,808,
FittsTaskTwo,P99,C01,B01,1,300,30,10,533,336,812,442,y=,338,340,345,351,357,362,367,371,376,380,384,387,389,391,393,394,396,398,399,400,400,401,401,402,402,403,403,404,405,406,406,407,408,408,409,411,412,413,414,415,416,418,419,420,421,422,423,423,424,425,425,426,427,428,429,430,431,432,433,434,435,435,436,436,436,436,
FittsTaskTwo,P99,C01,B01,1,300,30,11,812,442,567,273,t=,0,16,16,32,32,47,47,63,63,78,78,94,94,94,110,125,125,141,141,156,156,156,172,172,188,203,203,219,219,219,234,234,250,250,266,281,281,281,297,312,390,391,406,406,422,422,437,453,500,500,515,531,546,546,562,562,578,578,593,671,749,
FittsTaskTwo,P99,C01,B01,1,300,30,11,812,442,567,273,x=,808,807,803,799,793,786,777,768,757,745,734,722,709,698,688,677,668,658,650,643,637,632,627,623,620,617,615,612,610,607,603,600,598,595,593,592,591,591,590,590,589,587,586,585,584,584,583,582,581,581,580,579,578,576,574,572,571,569,568,568,568,
FittsTaskTwo,P99,C01,B01,1,300,30,11,812,442,567,273,y=,436,435,433,429,425,420,414,408,401,394,387,379,371,364,357,350,343,338,333,329,325,320,316,313,311,309,307,306,304,302,301,299,297,295,293,291,290,289,289,288,287,285,284,282,281,280,279,278,278,277,276,275,275,274,274,273,273,272,271,271,271,
FittsTaskTwo,P99,C01,B01,1,300,30,12,567,273,764,495,t=,0,47,47,63,63,78,78,94,94,109,109,125,125,141,141,156,156,172,172,203,219,219,234,234,250,250,265,265,281,281,297,297,312,312,328,328,343,359,359,359,375,390,390,406,406,421,421,421,437,437,453,468,468,484,483,499,499,515,515,531,640,718,718,
FittsTaskTwo,P99,C01,B01,1,300,30,12,567,273,764,495,x=,568,569,572,576,583,590,599,607,614,621,628,637,645,653,660,666,672,678,683,690,695,697,698,699,701,703,706,710,713,715,717,719,721,722,723,724,725,726,726,727,727,728,729,731,733,736,739,742,745,748,750,752,753,754,756,757,758,759,759,760,760,759,759,
FittsTaskTwo,P99,C01,B01,1,300,30,12,567,273,764,495,y=,271,273,279,286,295,306,318,330,342,353,364,375,384,394,401,407,413,419,426,436,449,453,456,459,463,467,470,474,477,480,482,484,485,487,488,490,491,492,493,493,494,494,495,496,496,497,497,497,497,497,497,497,496,496,495,495,494,493,492,491,491,489,489,
FittsTaskTwo,P99,C01,B01,1,300,30,13,764,495,626,232,t=,0,15,15,31,31,47,47,62,62,78,78,93,93,109,109,125,125,140,140,156,156,171,171,187,187,203,203,218,218,234,234,249,249,265,265,281,281,296,296,312,312,327,327,343,359,499,577,
FittsTaskTwo,P99,C01,B01,1,300,30,13,764,495,626,232,x=,759,753,749,745,740,736,732,726,719,712,704,694,686,678,673,669,664,660,655,651,646,643,638,635,633,631,630,629,629,628,627,627,626,626,625,624,624,623,623,623,622,622,622,622,622,622,622,
FittsTaskTwo,P99,C01,B01,1,300,30,13,764,495,626,232,y=,489,480,474,468,460,452,442,431,420,409,396,384,371,359,348,338,328,319,311,303,296,289,283,278,274,270,267,264,262,259,256,254,251,248,245,242,240,239,237,236,234,233,232,231,230,230,230,
FittsTaskTwo,P99,C01,B01,2,300,60,1,626,232,697,521,t=,15,31,31,47,47,62,62,78,78,93,93,109,109,125,125,140,140,156,156,171,171,187,187,187,203,218,218,234,234,249,249,265,265,265,281,296,296,312,312,312,327,327,343,343,359,374,374,374,390,390,405,405,421,421,437,437,452,452,468,468,530,561,577,577,577,
FittsTaskTwo,P99,C01,B01,2,300,60,1,626,232,697,521,x=,620,621,621,622,622,624,625,625,626,626,627,627,628,630,632,634,637,639,640,641,643,644,645,647,649,650,652,653,655,656,658,659,661,663,665,667,670,673,676,679,682,685,687,689,690,692,692,693,693,693,693,693,693,693,693,693,693,692,692,691,691,691,691,691,691,
FittsTaskTwo,P99,C01,B01,2,300,60,1,626,232,697,521,y=,236,240,246,253,263,274,286,298,310,323,336,347,358,368,379,389,399,407,415,422,427,433,437,442,446,450,453,457,460,463,466,469,471,474,477,480,482,485,488,491,493,496,498,500,503,505,508,510,512,515,517,518,520,521,523,524,526,527,528,529,529,527,523,517,517,
FittsTaskTwo,P99,C01,B01,2,300,60,2,697,521,697,223,t=,0,16,16,31,31,47,47,62,62,109,109,125,125,140,140,156,156,172,172,187,187,203,203,218,218,234,234,250,250,265,265,281,281,296,296,312,312,328,328,343,343,359,374,374,390,406,421,515,
FittsTaskTwo,P99,C01,B01,2,300,60,2,697,521,697,223,x=,691,691,691,691,691,691,691,693,696,707,712,713,714,715,715,714,713,711,711,711,711,711,711,712,712,712,713,713,713,712,711,710,708,707,706,705,705,705,704,704,704,704,704,703,703,703,703,703,
FittsTaskTwo,P99,C01,B01,2,300,60,2,697,521,697,223,y=,517,511,504,495,486,475,462,448,435,396,358,348,338,329,321,314,309,304,300,296,291,286,280,275,270,266,262,259,256,253,250,247,244,241,239,237,235,234,232,230,229,228,227,227,226,225,225,225,
FittsTaskTwo,P99,C01,B01,2,300,60,3,697,223,626,512,t=,0,15,15,31,31,47,47,62,62,78,78,93,93,109,109,109,125,140,140,156,156,171,171,187,187,187,203,218,218,234,234,234,249,249,265,265,281,281,296,296,312,312,327,327,343,343,359,359,374,374,421,437,437,452,452,468,468,546,561,561,577,577,593,593,608,608,655,686,702,764,
FittsTaskTwo,P99,C01,B01,2,300,60,3,697,223,626,512,x=,703,701,699,697,695,692,688,684,680,676,671,668,665,663,660,657,656,654,652,650,648,646,644,643,643,642,642,642,642,642,642,642,642,642,642,642,642,641,640,640,639,638,637,637,636,635,634,633,633,633,632,632,630,629,628,627,626,627,628,629,631,632,633,633,633,634,634,634,634,634,
FittsTaskTwo,P99,C01,B01,2,300,60,3,697,223,626,512,y=,225,227,232,239,247,257,268,281,293,305,319,333,345,356,366,375,384,392,401,409,416,423,429,434,439,443,446,449,452,455,458,461,464,467,470,473,475,478,480,482,484,486,488,490,492,494,496,497,498,499,499,501,503,505,507,508,509,508,506,503,501,498,496,495,494,494,494,493,492,492,
FittsTaskTwo,P99,C01,B01,2,300,60,4,626,512,764,249,t=,0,78,78,94,94,109,109,125,125,141,141,156,156,172,172,187,187,203,203,219,219,234,234,250,250,265,265,281,281,297,297,312,312,328,328,343,343,359,359,359,375,390,390,406,421,421,422,437,453,468,468,484,484,546,655,
FittsTaskTwo,P99,C01,B01,2,300,60,4,626,512,764,249,x=,634,637,641,645,651,658,664,670,677,685,694,702,710,718,726,734,741,747,752,756,759,761,763,766,769,772,775,777,779,780,782,782,783,783,784,784,784,784,784,784,784,784,784,784,784,783,783,782,782,781,780,780,779,779,779,
FittsTaskTwo,P99,C01,B01,2,300,60,4,626,512,764,249,y=,492,489,485,480,473,466,457,448,437,426,413,401,388,376,365,356,349,342,337,333,328,324,319,313,308,303,298,294,290,287,285,283,281,279,277,274,272,270,268,266,264,263,261,260,259,259,258,257,256,254,253,252,251,251,251,
FittsTaskTwo,P99,C01,B01,2,300,60,5,764,249,567,471,t=,0,16,32,32,47,47,63,63,78,78,94,94,110,110,125,125,141,141,156,156,172,172,188,188,203,203,219,219,234,234,250,250,266,266,281,281,297,422,422,453,515,
FittsTaskTwo,P99,C01,B01,2,300,60,5,764,249,567,471,x=,779,777,775,772,768,762,755,747,737,725,713,701,690,679,668,659,651,644,638,632,628,623,618,614,610,605,601,598,596,595,594,593,593,592,592,591,591,590,590,589,589,
FittsTaskTwo,P99,C01,B01,2,300,60,5,764,249,567,471,y=,251,252,254,257,261,267,273,281,292,303,314,325,337,348,357,366,375,384,391,398,404,411,418,425,432,437,442,447,450,452,454,455,457,459,460,461,462,463,463,464,464,
FittsTaskTwo,P99,C01,B01,2,300,60,6,567,471,812,302,t=,0,16,16,31,31,47,47,63,63,78,78,94,94,109,109,125,125,141,141,156,156,172,172,187,187,203,203,203,219,219,234,250,250,265,265,265,281,281,297,312,312,328,328,328,437,515,
FittsTaskTwo,P99,C01,B01,2,300,60,6,567,471,812,302,x=,589,592,596,603,611,620,628,637,646,656,665,674,684,694,703,713,722,730,737,743,747,750,752,754,755,757,758,760,761,763,764,765,766,766,767,768,768,769,770,771,771,772,772,773,773,773,
FittsTaskTwo,P99,C01,B01,2,300,60,6,567,471,812,302,y=,464,461,457,452,447,442,437,433,429,424,420,414,407,400,394,389,384,379,375,371,368,366,365,363,361,359,356,353,350,348,346,344,343,342,341,340,339,338,337,335,333,332,330,329,329,329,
FittsTaskTwo,P99,C01,B01,2,300,60,7,812,302,533,408,t=,0,16,31,47,47,62,62,78,78,94,94,109,109,125,125,140,140,156,156,172,172,187,187,203,203,218,244,254,274,284,278,294,304,314,314,324,334,344,354,374,384,404,424,524,
FittsTaskTwo,P99,C01,B01,2,300,60,7,812,302,533,408,x=,773,769,751,741,729,716,703,690,676,664,651,638,626,614,603,593,584,576,570,565,562,559,557,555,553,552,551,550,549,547,545,542,539,535,531,527,525,523,521,520,520,520,520,520,
FittsTaskTwo,P99,C01,B01,2,300,60,7,812,302,533,408,y=,329,329,333,336,340,346,351,355,359,364,369,375,380,386,390,394,397,399,401,402,403,405,405,406,406,406,406,406,407,407,408,410,411,413,414,415,415,416,416,416,415,414,414,414,
FittsTaskTwo,P99,C01,B01,2,300,60,8,533,408,829,372,t=,0,20,30,30,40,50,60,70,70,80,90,100,100,110,120,130,130,140,150,160,170,170,180,190,200,200,210,220,230,240,240,250,260,270,270,280,290,300,310,310,320,330,340,340,350,360,370,380,380,390,400,410,410,420,430,440,440,450,460,470,480,510,580,590,590,
FittsTaskTwo,P99,C01,B01,2,300,60,8,533,408,829,372,x=,520,529,542,555,569,582,596,609,621,635,647,658,669,679,688,696,704,712,719,725,731,735,739,743,746,750,753,757,761,765,769,772,775,777,779,780,782,783,785,786,788,790,792,794,796,798,800,802,804,805,806,807,809,810,812,814,816,818,819,820,820,820,818,813,813,
FittsTaskTwo,P99,C01,B01,2,300,60,8,533,408,829,372,y=,414,411,408,407,406,405,404,403,401,400,398,396,395,393,391,390,390,389,389,388,387,387,386,386,385,384,383,381,379,378,376,375,374,374,373,373,373,373,372,372,371,370,370,369,368,368,367,367,367,367,367,367,367,368,368,369,369,370,370,370,371,371,370,368,368,
FittsTaskTwo,P99,C01,B01,2,300,60,9,829,372,533,336,t=,0,20,20,30,40,50,60,60,70,80,90,90,100,110,120,130,130,140,150,160,160,170,180,190,190,200,210,220,220,236,236,251,251,267,267,282,282,298,298,392,423,423,438,438,454,501,
FittsTaskTwo,P99,C01,B01,2,300,60,9,829,372,533,336,x=,813,800,792,783,772,759,744,728,714,699,686,674,662,652,644,637,630,624,617,609,600,593,586,581,576,572,569,566,564,562,560,559,557,555,553,552,550,549,548,547,547,545,545,544,544,544,
FittsTaskTwo,P99,C01,B01,2,300,60,9,829,372,533,336,y=,368,366,365,365,365,365,365,365,365,365,364,362,360,359,358,357,357,356,356,355,353,351,350,348,347,346,346,345,344,344,343,343,342,341,340,339,338,337,336,336,335,335,335,335,334,334,
FittsTaskTwo,P99,C01,B01,2,300,60,10,533,336,812,442,t=,0,31,31,47,47,62,62,78,78,93,93,109,109,109,125,140,140,156,156,171,171,187,187,187,203,203,218,234,234,234,249,249,265,265,281,281,296,296,312,312,327,327,343,359,359,374,390,390,405,405,421,421,437,437,452,483,546,546,546,
FittsTaskTwo,P99,C01,B01,2,300,60,10,533,336,812,442,x=,544,545,550,555,561,568,577,586,596,607,619,631,643,656,669,681,693,703,712,721,729,734,740,745,749,754,758,764,769,775,779,783,786,788,790,792,793,795,796,797,798,799,800,800,801,801,801,802,802,803,803,804,804,805,805,805,802,798,798,
FittsTaskTwo,P99,C01,B01,2,300,60,10,533,336,812,442,y=,334,334,336,338,341,344,348,353,358,362,366,369,372,375,378,380,383,386,389,392,394,396,398,400,402,403,405,407,408,410,411,413,414,415,416,417,418,419,419,420,421,422,423,424,425,426,427,427,428,428,429,430,431,431,432,432,429,425,425,
FittsTaskTwo,P99,C01,B01,2,300,60,11,812,442,567,273,t=,0,15,15,31,31,47,47,62,62,78,78,93,93,109,109,125,125,140,140,156,156,171,171,187,187,203,203,218,218,234,234,249,249,265,265,281,281,296,296,312,312,327,327,343,343,359,374,437,437,452,452,468,468,483,499,546,639,639,
FittsTaskTwo,P99,C01,B01,2,300,60,11,812,442,567,273,x=,798,793,788,782,775,769,762,756,749,741,733,724,717,708,699,690,682,675,668,662,655,648,641,636,631,628,626,624,622,621,619,616,613,610,606,603,600,598,597,595,594,594,593,592,592,591,591,590,590,589,587,586,585,584,583,583,582,582,
FittsTaskTwo,P99,C01,B01,2,300,60,11,812,442,567,273,y=,425,421,417,413,409,404,400,396,391,385,379,372,365,359,353,348,344,341,339,337,335,332,329,326,323,321,319,318,317,315,314,312,311,309,306,304,302,300,299,297,296,295,293,292,290,289,288,287,286,285,283,282,281,279,278,278,277,277,
FittsTaskTwo,P99,C01,B01,2,300,60,12,567,273,764,495,t=,0,47,63,63,78,78,94,94,110,110,125,125,141,141,156,156,172,172,188,188,203,203,219,219,234,250,266,266,281,281,297,297,312,312,328,328,344,344,359,359,375,375,390,390,406,422,422,437,437,453,453,468,468,484,484,500,500,515,531,546,562,562,578,593,624,687,687,702,702,
FittsTaskTwo,P99,C01,B01,2,300,60,12,567,273,764,495,x=,582,582,585,587,590,594,598,604,609,616,623,629,635,640,646,650,656,661,666,672,677,682,686,691,699,709,713,716,719,721,723,725,727,730,732,734,736,738,740,742,744,745,746,747,748,748,749,749,750,750,751,751,752,752,753,753,754,755,756,756,757,757,757,757,757,756,754,752,752,
FittsTaskTwo,P99,C01,B01,2,300,60,12,567,273,764,495,y=,277,278,282,286,291,296,303,309,315,323,331,338,345,352,359,365,372,379,386,393,400,406,410,415,423,431,435,439,442,445,447,449,451,453,456,458,460,462,464,466,467,469,469,470,470,471,472,473,475,476,478,479,480,482,483,484,485,486,487,488,488,489,490,491,491,488,485,482,482,
FittsTaskTwo,P99,C01,B01,2,300,60,13,764,495,626,232,t=,0,0,16,16,32,32,47,47,63,78,78,94,94,110,110,125,125,141,141,156,156,172,172,188,188,203,203,219,219,234,234,250,250,250,266,281,281,297,297,312,312,312,328,328,344,359,375,484,562,
FittsTaskTwo,P99,C01,B01,2,300,60,13,764,495,626,232,x=,752,750,747,744,742,740,737,733,729,720,715,709,703,697,693,688,684,678,672,668,663,658,654,650,647,644,642,641,640,638,637,635,633,631,629,627,625,623,622,622,621,621,621,621,621,621,621,621,621,
FittsTaskTwo,P99,C01,B01,2,300,60,13,764,495,626,232,y=,482,478,473,468,461,454,448,440,431,410,400,389,379,369,360,352,345,338,333,328,323,318,312,307,302,298,294,290,286,282,278,274,270,266,262,258,255,252,249,246,243,241,239,237,236,235,234,234,234,
FittsTaskTwo,P99,C01,B01,3,500,60,1,590,138,709,620,t=,47,62,62,78,78,93,93,109,109,125,125,140,140,156,156,171,171,187,187,203,203,218,218,265,281,281,296,296,312,312,327,327,343,343,359,359,374,374,390,390,405,405,421,421,437,437,452,452,468,468,483,483,499,499,561,577,593,608,624,702,
FittsTaskTwo,P99,C01,B01,3,500,60,1,590,138,709,620,x=,595,594,593,593,594,596,598,601,604,605,607,610,613,617,621,625,630,634,638,642,645,648,651,657,669,671,673,676,678,680,681,683,684,685,686,687,689,691,693,695,697,698,700,701,703,704,705,707,707,708,709,709,710,710,710,710,711,711,711,711,
FittsTaskTwo,P99,C01,B01,3,500,60,1,590,138,709,620,y=,151,158,166,176,188,201,216,231,246,262,278,294,310,327,344,358,372,386,399,411,422,433,443,461,499,505,512,518,524,530,536,542,548,553,558,562,566,570,574,579,583,588,592,597,601,605,608,611,613,615,616,618,618,619,620,621,621,622,622,622,
FittsTaskTwo,P99,C01,B01,3,500,60,2,709,620,709,124,t=,0,15,15,31,31,47,47,47,62,78,93,93,109,109,109,125,140,140,156,156,156,171,171,187,187,203,218,218,218,234,234,249,249,265,265,281,281,296,296,312,312,327,327,343,343,359,359,374,374,390,390,405,405,421,421,437,437,452,452,468,468,483,483,499,515,530,546,546,561,577,686,
FittsTaskTwo,P99,C01,B01,3,500,60,2,709,620,709,124,x=,711,711,711,710,710,708,707,705,704,702,697,694,691,687,684,680,675,670,666,666,667,669,671,675,679,683,686,689,692,695,697,698,700,700,702,702,703,703,702,702,702,702,702,702,703,703,704,704,705,705,706,706,707,707,707,707,707,707,707,706,706,706,706,705,705,705,705,705,705,705,705,
FittsTaskTwo,P99,C01,B01,3,500,60,2,709,620,709,124,y=,622,621,617,613,608,601,592,582,572,560,532,517,502,486,469,454,437,420,404,388,371,355,339,324,311,299,288,277,267,257,248,239,231,224,218,211,203,196,189,182,178,174,171,168,165,163,162,161,160,159,158,157,155,154,153,152,151,150,148,147,146,145,143,142,141,140,139,138,137,137,137,
FittsTaskTwo,P99,C01,B01,3,500,60,3,709,124,590,606,t=,0,31,47,47,63,63,78,78,94,94,109,109,125,125,141,141,156,156,172,172,187,187,203,203,219,234,265,265,281,281,297,297,312,312,328,328,343,343,359,468,468,484,499,499,499,515,515,531,531,546,546,562,562,577,577,593,593,609,609,624,640,827,1077,1186,
FittsTaskTwo,P99,C01,B01,3,500,60,3,709,124,590,606,x=,705,704,701,698,695,692,687,683,680,675,670,665,660,654,650,647,646,645,644,643,642,641,639,637,635,634,635,635,636,636,636,636,635,634,632,631,631,630,630,629,629,628,628,627,626,624,622,619,616,613,611,609,607,606,605,604,603,603,602,602,601,602,602,602,
FittsTaskTwo,P99,C01,B01,3,500,60,3,709,124,590,606,y=,137,140,147,157,169,183,198,214,230,246,264,281,297,314,331,347,362,376,389,402,416,429,441,451,460,475,484,485,487,490,494,499,504,510,514,518,521,523,524,525,526,527,528,530,533,537,541,545,549,553,557,560,562,564,565,567,568,569,570,571,571,571,571,571,
FittsTaskTwo,P99,C01,B01,3,500,60,4,590,606,821,166,t=,0,241,251,261,271,271,281,291,311,321,331,341,341,351,361,371,381,375,391,401,411,405,421,431,441,441,451,461,471,481,481,491,501,511,511,521,531,541,551,551,561,571,581,581,591,601,611,621,621,631,641,651,651,661,671,681,691,691,701,711,721,721,731,741,751,751,761,771,791,856,955,
FittsTaskTwo,P99,C01,B01,3,500,60,4,590,606,821,166,x=,602,604,606,609,613,617,621,625,630,646,651,657,662,666,672,678,684,690,697,704,711,718,723,727,730,733,735,737,738,740,741,742,742,743,744,746,747,749,751,753,755,757,759,761,763,765,767,769,771,773,775,778,780,783,786,788,790,792,793,795,797,798,800,802,803,805,805,806,807,807,807,
FittsTaskTwo,P99,C01,B01,3,500,60,4,590,606,821,166,y=,571,566,560,552,543,534,525,515,503,467,455,442,430,417,403,390,376,360,345,332,320,310,301,292,285,279,273,269,264,260,254,248,242,237,234,231,229,226,223,219,215,211,208,205,203,201,199,197,195,193,191,189,187,185,184,182,181,180,179,178,177,175,173,172,170,169,168,167,166,166,166,
FittsTaskTwo,P99,C01,B01,3,500,60,5,821,166,492,538,t=,0,56,66,76,76,86,96,106,106,116,126,136,146,146,156,166,176,170,186,196,206,216,216,226,236,246,246,282,282,297,297,313,313,328,328,344,344,360,360,375,375,391,391,406,406,422,422,438,438,453,453,469,469,484,484,500,516,516,531,531,547,547,562,562,578,578,640,750,750,
FittsTaskTwo,P99,C01,B01,3,500,60,5,821,166,492,538,x=,807,805,801,795,788,781,774,766,758,749,740,730,719,709,699,687,675,662,649,639,627,614,603,593,584,577,572,559,556,554,552,550,548,545,543,541,538,534,531,528,524,521,519,518,517,516,515,514,513,511,510,508,506,505,504,503,502,501,500,499,497,496,494,492,491,490,490,492,492,
FittsTaskTwo,P99,C01,B01,3,500,60,5,821,166,492,538,y=,166,168,171,175,180,186,192,199,208,218,229,240,252,265,278,290,302,315,328,341,355,366,377,388,396,403,410,432,436,440,444,449,454,459,465,470,475,481,485,490,493,497,500,502,503,505,506,508,510,512,514,516,518,520,520,521,521,522,522,524,525,527,529,531,532,533,533,532,532,
FittsTaskTwo,P99,C01,B01,3,500,60,6,492,538,900,256,t=,0,-1,15,31,31,46,46,62,62,62,78,93,109,109,109,124,124,140,141,156,171,171,171,187,187,202,202,218,218,234,234,249,249,265,265,280,280,296,296,312,312,327,327,343,343,358,358,374,374,390,390,405,405,421,421,436,436,452,452,468,780,904,
FittsTaskTwo,P99,C01,B01,3,500,60,6,492,538,900,256,x=,492,497,501,507,513,522,533,544,554,565,574,584,605,617,630,643,659,674,690,705,721,735,747,756,764,771,777,782,786,790,794,797,800,803,807,810,813,817,821,825,830,834,838,841,844,847,849,851,853,854,856,857,859,860,862,863,865,866,867,868,868,868,
FittsTaskTwo,P99,C01,B01,3,500,60,6,492,538,900,256,y=,532,527,523,518,512,506,498,490,483,476,470,464,451,444,436,427,418,405,395,385,375,365,356,347,339,332,326,322,318,314,311,308,306,304,303,301,300,298,296,295,292,290,288,286,285,284,283,283,283,283,283,283,283,283,283,283,283,283,283,283,283,283,
FittsTaskTwo,P99,C01,B01,3,500,60,7,900,256,436,432,t=,0,380,390,400,410,420,420,430,440,450,450,460,470,480,480,490,500,510,520,520,530,540,550,550,560,570,580,590,590,600,610,620,630,640,650,660,660,670,680,690,690,700,710,720,770,790,790,800,820,830,830,840,850,860,860,870,880,890,964,1060,
FittsTaskTwo,P99,C01,B01,3,500,60,7,900,256,436,432,x=,868,863,855,846,835,821,805,787,768,745,721,697,673,651,631,611,595,579,564,551,540,532,525,519,515,510,507,505,503,502,501,500,499,497,493,489,483,477,470,464,459,456,455,454,454,453,453,453,452,452,451,450,450,448,447,445,445,444,444,444,
FittsTaskTwo,P99,C01,B01,3,500,60,7,900,256,436,432,y=,283,284,286,289,292,296,301,306,313,318,325,331,339,345,352,358,364,369,373,376,379,381,383,385,388,390,391,393,393,394,394,395,395,397,399,401,404,407,410,412,414,414,414,414,415,416,417,418,419,420,422,423,425,426,428,429,430,430,430,430,
FittsTaskTwo,P99,C01,B01,3,500,60,8,436,432,929,372,t=,0,10,20,30,40,40,50,60,70,70,80,90,100,110,110,120,120,136,136,152,152,167,167,183,183,198,198,214,214,230,230,245,245,261,261,276,276,292,292,308,308,323,323,339,339,354,354,370,370,386,386,401,401,417,417,432,542,620,620,635,635,635,
FittsTaskTwo,P99,C01,B01,3,500,60,8,436,432,929,372,x=,444,449,461,475,490,505,523,542,561,579,597,614,630,647,662,675,688,702,717,730,743,755,767,775,783,789,794,798,801,805,809,813,819,824,831,837,843,848,852,856,860,863,867,871,876,880,886,891,895,900,904,908,912,915,917,918,918,918,914,909,901,901,
FittsTaskTwo,P99,C01,B01,3,500,60,8,436,432,929,372,y=,430,429,424,417,411,404,399,395,391,386,381,376,371,368,365,364,362,362,361,359,358,356,356,356,356,356,357,357,358,358,359,359,360,360,361,362,363,364,365,366,368,369,370,371,372,372,373,373,373,373,372,372,371,371,370,370,370,369,367,366,364,364,
FittsTaskTwo,P99,C01,B01,3,500,60,9,929,372,436,312,t=,0,16,16,31,31,47,47,63,63,78,78,94,94,109,109,125,125,141,141,156,156,172,172,187,187,203,203,203,219,219,234,250,250,265,265,281,281,281,297,297,312,328,328,328,343,343,359,359,375,390,390,390,406,406,421,421,437,468,484,499,515,515,531,562,671,
FittsTaskTwo,P99,C01,B01,3,500,60,9,929,372,436,312,x=,901,892,880,866,852,835,817,797,775,753,730,707,685,664,643,624,606,589,573,558,544,532,523,515,508,501,496,492,489,486,484,482,481,479,478,476,475,473,471,468,464,459,455,450,446,443,441,440,439,439,439,439,439,439,440,440,441,442,443,444,444,445,445,445,445,
FittsTaskTwo,P99,C01,B01,3,500,60,9,929,372,436,312,y=,364,364,363,363,362,362,363,363,363,363,365,365,365,365,365,366,367,368,368,368,368,369,369,370,370,371,371,371,371,369,368,366,364,361,359,356,353,351,350,349,348,348,347,346,344,342,340,338,337,335,333,330,328,326,325,324,323,322,321,320,319,319,318,318,318,
FittsTaskTwo,P99,C01,B01,3,500,60,10,436,312,900,488,t=,0,16,16,31,31,47,47,62,62,78,78,94,94,109,109,125,125,140,140,156,156,172,172,187,187,203,203,218,218,234,234,250,250,265,265,281,281,296,296,312,312,328,328,343,343,437,499,562,562,577,577,
FittsTaskTwo,P99,C01,B01,3,500,60,10,436,312,900,488,x=,445,447,455,466,479,493,509,526,544,563,581,599,616,633,650,664,679,691,703,715,727,737,746,756,763,769,775,781,788,795,802,809,817,825,832,839,845,852,858,863,868,871,874,876,878,879,879,878,873,867,867,
FittsTaskTwo,P99,C01,B01,3,500,60,10,436,312,900,488,y=,318,318,321,324,328,332,339,346,355,363,370,378,387,394,400,406,412,417,422,426,431,435,438,442,446,449,452,455,458,461,464,467,470,473,476,478,480,481,483,484,485,486,486,487,487,487,487,485,482,478,478,
FittsTaskTwo,P99,C01,B01,3,500,60,11,900,488,492,206,t=,0,0,16,16,31,31,31,47,47,63,63,78,94,96,106,116,116,126,136,146,156,156,166,176,186,186,196,206,216,226,226,236,246,256,256,266,276,286,306,336,346,356,356,366,376,386,396,396,406,416,426,426,436,446,456,456,486,566,
FittsTaskTwo,P99,C01,B01,3,500,60,11,900,488,492,206,x=,867,860,850,840,828,815,801,785,769,755,739,724,709,693,677,663,647,632,616,601,587,575,566,559,553,549,546,544,541,538,534,530,527,524,522,520,519,519,518,518,516,515,514,513,512,512,511,511,510,510,509,509,508,508,508,507,507,507,
FittsTaskTwo,P99,C01,B01,3,500,60,11,900,488,492,206,y=,478,473,467,461,454,447,438,429,420,409,398,386,376,364,351,339,327,318,308,300,293,289,284,280,276,273,270,267,264,260,256,251,247,242,239,237,236,235,235,234,232,230,228,226,225,223,222,221,220,219,217,216,214,212,211,210,210,210,
FittsTaskTwo,P99,C01,B01,3,500,60,12,492,206,821,578,t=,0,30,40,50,60,70,70,80,90,100,100,110,120,130,130,150,160,170,170,180,190,200,200,210,220,230,240,240,250,260,270,270,280,290,300,310,310,320,330,340,340,350,360,370,370,380,390,400,410,410,420,440,530,560,620,
FittsTaskTwo,P99,C01,B01,3,500,60,12,492,206,821,578,x=,507,510,515,521,529,539,550,561,573,586,598,611,623,637,650,662,685,691,697,702,709,717,725,733,740,746,753,759,764,768,772,776,780,784,789,793,797,801,805,809,812,815,819,822,824,827,829,831,832,833,834,834,834,835,835,
FittsTaskTwo,P99,C01,B01,3,500,60,12,492,206,821,578,y=,210,215,222,231,243,255,268,282,298,314,329,343,357,370,380,389,409,418,428,436,445,453,461,468,475,481,488,494,500,505,511,517,522,528,533,538,543,547,551,555,558,561,563,565,567,569,571,573,575,576,578,579,579,579,579,
FittsTaskTwo,P99,C01,B01,3,500,60,13,821,578,590,138,t=,0,10,10,25,25,41,41,57,57,72,72,88,88,103,103,119,135,135,150,150,166,166,181,181,197,197,213,213,228,228,244,244,259,259,275,275,291,291,306,306,322,322,337,337,353,353,369,369,384,384,400,400,415,415,431,509,587,
FittsTaskTwo,P99,C01,B01,3,500,60,13,821,578,590,138,x=,835,833,830,826,821,816,809,802,795,787,778,770,761,752,744,735,717,711,702,693,683,675,665,657,650,642,635,629,625,622,620,618,616,615,613,613,612,612,611,611,610,610,610,609,609,608,607,606,604,604,603,602,602,602,602,602,602,
FittsTaskTwo,P99,C01,B01,3,500,60,13,821,578,590,138,y=,579,577,574,570,566,559,551,542,532,522,511,499,487,474,461,447,418,403,387,373,358,343,328,314,303,291,279,269,260,251,242,233,226,219,212,206,201,195,190,186,182,179,177,174,172,168,164,160,156,152,148,146,144,143,142,142,142,
FittsTaskTwo,P99,C01,B01,4,500,30,1,590,138,709,620,t=,47,47,62,62,78,78,93,93,109,109,125,125,140,140,156,156,171,171,187,187,203,203,218,234,249,249,249,265,265,281,281,296,312,312,312,327,327,343,343,359,359,374,390,390,390,405,405,421,421,437,437,452,452,468,468,483,483,499,499,515,515,530,530,546,561,561,577,577,671,749,749,749,
FittsTaskTwo,P99,C01,B01,4,500,30,1,590,138,709,620,x=,589,591,594,597,599,603,608,613,618,622,628,635,641,645,651,655,659,661,663,665,669,669,671,673,674,676,678,680,681,683,684,684,685,685,685,685,685,685,685,686,686,686,687,688,689,690,690,691,692,694,695,696,697,698,699,700,701,703,703,704,705,705,706,706,707,707,708,708,708,708,708,708,
FittsTaskTwo,P99,C01,B01,4,500,30,1,590,138,709,620,y=,144,149,157,167,179,193,206,221,238,255,274,292,310,327,343,360,379,396,413,429,455,467,478,495,503,511,518,525,531,537,542,547,551,554,557,560,562,564,566,568,569,571,573,576,579,583,587,590,594,597,599,601,603,604,606,607,609,611,612,613,614,615,615,616,616,617,617,618,618,617,612,612,
FittsTaskTwo,P99,C01,B01,4,500,30,2,709,620,709,124,t=,0,15,15,31,31,46,62,78,93,93,109,109,124,124,140,140,156,156,171,171,187,187,202,202,218,218,234,234,249,249,265,265,280,280,296,296,312,312,327,327,343,343,358,358,374,390,405,421,436,436,452,452,468,468,483,499,592,
FittsTaskTwo,P99,C01,B01,4,500,30,2,709,620,709,124,x=,708,707,707,707,708,709,709,704,703,703,703,702,702,702,704,705,707,709,711,712,714,715,717,718,719,719,719,719,719,718,717,716,716,715,715,714,713,712,711,710,709,709,709,709,709,709,709,708,708,707,707,706,706,705,705,705,705,
FittsTaskTwo,P99,C01,B01,4,500,30,2,709,620,709,124,y=,612,605,597,586,575,562,547,474,455,435,417,398,380,362,344,326,307,289,274,260,247,236,227,220,214,208,203,198,192,185,178,171,165,159,155,151,148,145,142,139,136,133,130,129,127,126,125,125,124,124,123,122,121,121,120,120,120,
FittsTaskTwo,P99,C01,B01,4,500,30,3,709,124,590,606,t=,0,32,47,47,63,63,78,78,94,94,110,110,125,125,141,141,156,156,172,172,188,188,203,203,219,219,234,234,250,250,266,266,281,281,297,297,312,312,328,328,344,344,359,359,375,375,390,437,453,453,468,468,484,609,687,
FittsTaskTwo,P99,C01,B01,4,500,30,3,709,124,590,606,x=,705,704,702,699,696,693,689,685,680,674,667,661,653,645,637,632,627,623,619,615,611,608,604,601,598,595,591,589,587,586,585,584,584,584,584,584,585,586,586,587,587,587,587,586,586,585,585,585,586,587,587,588,588,588,588,
FittsTaskTwo,P99,C01,B01,4,500,30,3,709,124,590,606,y=,120,123,128,137,147,160,174,188,204,221,241,260,278,299,319,336,355,372,390,407,424,440,455,468,480,490,500,508,515,522,527,531,535,538,541,545,548,552,556,562,567,573,578,582,586,589,590,591,592,593,594,595,596,596,596,
FittsTaskTwo,P99,C01,B01,4,500,30,4,590,606,821,166,t=,0,15,15,31,31,47,47,62,62,78,78,93,93,109,109,125,125,140,140,156,156,171,171,187,187,203,203,203,218,234,234,249,249,249,265,265,281,281,296,312,312,312,327,327,343,343,359,374,374,374,390,390,405,405,421,421,437,437,452,452,468,468,483,483,499,499,515,515,530,530,546,546,561,561,577,593,608,624,624,639,655,671,686,686,702,717,749,842,
FittsTaskTwo,P99,C01,B01,4,500,30,4,590,606,821,166,x=,588,589,590,592,594,597,601,606,610,613,618,623,630,637,645,651,659,668,676,683,691,700,708,717,724,731,736,740,743,746,747,748,749,749,750,750,751,751,752,752,753,754,755,756,758,760,762,764,766,768,770,771,773,775,777,780,782,784,786,787,789,790,792,793,795,796,798,799,801,802,803,804,805,805,806,807,808,809,809,810,811,812,812,813,814,814,814,814,
FittsTaskTwo,P99,C01,B01,4,500,30,4,590,606,821,166,y=,596,595,590,584,575,564,552,537,522,505,486,466,447,428,407,385,365,347,331,316,304,292,281,271,261,252,244,237,232,228,226,224,222,220,218,216,214,211,209,208,206,205,204,204,203,202,201,200,198,197,195,194,192,191,189,188,186,185,184,183,183,182,182,181,181,180,179,178,178,177,177,176,176,175,175,175,174,174,173,173,172,172,171,171,171,170,170,170,
FittsTaskTwo,P99,C01,B01,4,500,30,5,821,166,492,538,t=,0,16,31,31,47,47,63,63,78,78,94,94,109,109,125,125,141,141,156,156,172,172,187,187,203,203,219,219,234,234,250,250,265,265,281,281,297,297,312,312,328,328,343,343,359,359,375,375,375,390,406,406,421,421,421,437,437,453,453,468,484,484,484,499,499,515,515,531,531,546,562,562,702,765,
FittsTaskTwo,P99,C01,B01,4,500,30,5,821,166,492,538,x=,814,813,808,803,794,784,772,759,744,729,713,699,685,672,658,644,631,618,605,595,586,578,574,571,568,566,564,562,560,558,557,555,554,552,551,550,549,548,547,546,545,543,542,540,538,537,535,533,532,530,528,526,524,522,520,518,517,516,515,514,513,511,510,508,506,504,502,500,498,497,497,496,496,496,
FittsTaskTwo,P99,C01,B01,4,500,30,5,821,166,492,538,y=,170,171,173,178,184,191,200,210,220,232,244,257,270,285,302,318,335,352,367,380,393,406,416,425,432,438,445,451,457,462,466,469,472,476,479,482,485,488,491,495,498,501,504,507,509,511,513,513,514,514,515,516,518,519,521,522,523,523,524,524,525,526,527,529,531,533,534,536,537,537,538,538,538,538,
FittsTaskTwo,P99,C01,B01,4,500,30,6,492,538,900,256,t=,0,0,15,15,31,31,46,46,78,78,109,124,124,140,140,156,156,171,171,187,187,202,202,218,218,234,234,249,249,265,265,280,280,296,296,312,312,327,327,343,343,358,358,374,374,390,390,405,405,421,421,436,436,452,452,468,468,483,483,499,499,514,514,530,530,546,546,561,561,577,577,592,592,608,686,764,
FittsTaskTwo,P99,C01,B01,4,500,30,6,492,538,900,256,x=,496,497,501,506,513,520,528,537,569,583,597,648,660,673,686,700,715,729,744,759,773,786,795,804,812,819,824,828,830,833,834,836,837,839,842,844,847,850,853,857,860,863,866,868,870,872,873,875,876,878,879,880,881,882,883,884,885,886,887,888,888,889,890,890,891,891,891,891,891,890,890,890,890,890,890,890,
FittsTaskTwo,P99,C01,B01,4,500,30,6,492,538,900,256,y=,538,537,533,529,524,520,515,510,494,488,482,464,461,456,452,448,442,437,432,428,423,418,413,409,406,403,402,400,399,397,395,392,388,384,379,374,369,363,357,350,343,337,332,328,324,320,317,313,310,306,302,299,295,291,287,284,281,278,275,273,271,269,268,266,265,263,261,259,257,255,254,252,251,250,250,250,
FittsTaskTwo,P99,C01,B01,4,500,30,7,900,256,436,432,t=,0,16,16,31,47,47,47,62,62,78,78,94,94,109,109,125,125,140,140,156,156,172,172,187,187,203,203,218,218,234,234,250,250,265,265,281,281,296,296,312,312,328,328,343,343,359,359,374,374,390,390,406,406,421,421,437,437,452,452,468,468,484,484,499,499,515,515,530,530,546,546,577,702,780,
FittsTaskTwo,P99,C01,B01,4,500,30,7,900,256,436,432,x=,890,884,878,870,861,851,837,820,800,779,758,737,715,694,675,655,637,618,598,582,567,555,545,536,530,526,524,522,521,519,518,516,514,512,511,510,509,509,508,506,504,502,499,496,493,490,488,486,484,483,481,478,475,472,469,466,463,460,458,457,457,456,455,453,451,449,448,446,445,444,443,442,442,442,
FittsTaskTwo,P99,C01,B01,4,500,30,7,900,256,436,432,y=,250,251,253,254,256,258,261,266,273,281,289,297,306,315,323,332,340,348,356,362,369,376,381,386,389,391,392,393,395,396,398,400,402,403,404,405,405,406,406,407,408,410,412,413,415,416,416,417,417,418,418,419,420,422,423,424,424,424,424,424,425,425,425,426,426,427,427,428,428,429,429,429,429,429,
FittsTaskTwo,P99,C01,B01,4,500,30,8,436,432,929,372,t=,0,16,31,31,47,47,62,62,78,78,94,94,94,109,125,125,140,140,156,156,156,172,172,187,203,203,218,218,218,234,234,250,250,265,265,281,281,296,296,312,312,328,328,343,343,359,359,374,374,390,390,406,406,421,421,437,437,452,452,468,468,484,484,499,515,530,546,562,577,593,608,624,640,655,671,686,686,733,780,796,796,
FittsTaskTwo,P99,C01,B01,4,500,30,8,436,432,929,372,x=,442,445,449,456,465,476,489,503,518,536,554,573,592,610,627,642,657,671,686,701,718,733,748,760,770,779,787,794,800,806,812,818,825,830,835,840,845,849,852,855,858,861,864,867,871,874,877,879,882,884,886,888,890,892,895,898,900,903,906,908,910,911,912,913,914,915,916,917,918,919,920,921,922,923,924,925,925,926,924,919,919,
FittsTaskTwo,P99,C01,B01,4,500,30,8,436,432,929,372,y=,429,426,422,416,411,407,403,400,397,394,391,389,387,387,387,388,389,390,390,390,390,390,390,389,388,387,387,387,387,387,387,387,387,387,386,386,386,386,386,386,386,386,386,386,385,385,384,384,384,384,383,383,383,382,382,381,380,379,378,378,377,377,377,377,377,377,376,376,376,376,376,376,376,376,375,375,375,375,374,372,372,
FittsTaskTwo,P99,C01,B01,4,500,30,9,929,372,436,312,t=,0,0,15,15,31,31,46,46,62,62,78,78,93,93,109,109,124,124,140,140,156,156,171,171,187,187,202,202,218,218,234,234,249,249,265,265,280,296,296,312,312,312,327,343,343,358,358,374,514,592,
FittsTaskTwo,P99,C01,B01,4,500,30,9,929,372,436,312,x=,919,913,907,898,887,873,856,837,816,792,767,745,724,702,682,662,644,625,605,588,573,560,550,539,530,520,510,501,491,482,475,469,464,462,461,461,460,458,456,453,449,446,442,439,437,435,434,434,434,434,
FittsTaskTwo,P99,C01,B01,4,500,30,9,929,372,436,312,y=,372,370,368,366,365,364,364,364,364,363,361,359,358,356,354,351,350,348,346,345,345,345,344,343,342,340,339,337,335,331,327,324,322,320,320,319,319,318,318,318,318,317,316,314,313,311,310,309,309,309,
FittsTaskTwo,P99,C01,B01,4,500,30,10,436,312,900,488,t=,0,16,16,32,32,47,47,63,63,78,78,94,94,110,110,125,125,141,141,156,156,172,172,188,188,203,203,219,219,234,234,250,250,266,266,281,281,297,297,312,312,328,328,344,344,359,359,375,375,390,390,406,406,422,422,437,437,453,453,468,468,484,578,640,640,
FittsTaskTwo,P99,C01,B01,4,500,30,10,436,312,900,488,x=,434,435,438,443,450,460,472,486,502,517,535,554,574,593,612,632,650,666,684,701,717,731,745,758,769,780,788,795,802,807,813,818,824,829,835,842,848,854,860,866,871,876,879,882,884,886,888,889,890,891,893,894,896,897,899,900,901,902,902,903,904,905,905,901,901,
FittsTaskTwo,P99,C01,B01,4,500,30,10,436,312,900,488,y=,309,309,311,313,315,317,319,323,328,335,344,353,361,373,384,396,406,414,422,429,434,439,443,445,447,449,451,453,455,456,458,460,462,464,466,468,470,471,471,472,473,474,475,476,477,477,478,478,478,479,479,480,480,481,481,482,482,482,483,483,483,483,483,481,481,
FittsTaskTwo,P99,C01,B01,4,500,30,11,900,488,492,206,t=,0,16,16,31,31,47,47,62,62,78,78,94,94,109,109,125,125,140,140,156,156,156,172,172,187,203,203,218,218,218,234,234,250,250,265,281,281,281,296,297,312,328,328,343,343,359,359,374,375,390,390,406,406,421,421,437,437,452,452,468,468,484,484,499,499,515,515,530,530,546,546,562,562,577,577,593,593,608,608,624,640,655,671,671,686,686,702,718,718,733,733,749,796,905,
FittsTaskTwo,P99,C01,B01,4,500,30,11,900,488,492,206,x=,901,895,887,878,867,855,842,827,812,796,780,763,745,726,710,693,677,663,648,632,618,606,595,585,577,572,569,566,564,562,561,559,557,555,552,549,546,544,542,540,539,538,538,537,536,535,533,532,530,529,528,527,526,525,524,522,521,519,518,516,516,515,514,513,512,511,510,510,509,509,508,508,507,506,505,505,504,504,503,502,502,501,501,500,500,499,498,496,495,494,493,492,492,492,
FittsTaskTwo,P99,C01,B01,4,500,30,11,900,488,492,206,y=,481,478,475,471,465,460,453,445,435,424,414,403,393,384,374,365,355,347,339,330,322,315,308,301,296,291,288,285,282,280,278,276,273,271,269,266,264,261,259,257,255,254,252,251,249,247,246,244,243,243,242,242,241,241,240,238,237,235,234,232,231,230,228,227,226,225,224,223,223,222,222,221,220,219,218,217,216,215,214,213,212,212,211,211,210,210,209,208,207,207,206,205,205,205,
FittsTaskTwo,P99,C01,B01,4,500,30,12,492,206,821,578,t=,0,15,31,31,47,47,62,62,78,78,93,93,109,109,125,125,140,140,156,156,171,171,187,187,203,203,218,218,234,234,249,249,265,265,281,281,296,312,312,327,327,327,343,343,359,359,374,390,390,405,421,437,437,452,452,468,468,483,546,562,624,717,
FittsTaskTwo,P99,C01,B01,4,500,30,12,492,206,821,578,x=,492,499,508,519,532,545,562,578,594,609,627,642,654,667,678,691,705,714,722,730,737,744,751,757,764,770,775,779,782,785,788,791,793,795,797,801,803,805,807,809,810,812,813,814,815,815,816,816,817,817,818,819,819,820,820,820,820,820,820,819,819,819,
FittsTaskTwo,P99,C01,B01,4,500,30,12,492,206,821,578,y=,205,213,221,232,244,260,274,288,303,317,331,346,361,376,390,404,419,431,443,453,461,468,475,480,485,489,493,496,499,502,506,510,515,519,523,528,530,532,534,537,539,542,544,546,548,550,551,553,554,555,556,557,558,559,560,562,563,564,565,566,566,566,
FittsTaskTwo,P99,C01,B01,4,500,30,13,821,578,590,138,t=,0,16,16,32,32,47,47,78,78,94,94,110,110,125,141,141,156,156,172,172,188,188,203,203,219,219,234,234,250,250,266,266,281,281,297,297,312,312,328,328,344,344,359,359,375,375,390,390,406,406,422,422,437,437,453,468,484,484,500,500,515,531,546,562,578,593,609,609,624,624,624,640,656,656,671,827,905,
FittsTaskTwo,P99,C01,B01,4,500,30,13,821,578,590,138,x=,819,819,817,814,809,804,796,788,760,751,743,735,727,710,700,691,684,674,666,659,649,640,633,626,620,614,610,606,602,598,595,593,592,591,590,590,590,589,589,588,587,585,582,580,578,576,574,573,572,572,572,572,572,573,573,573,573,573,573,574,574,575,576,577,578,579,580,581,582,584,585,586,587,587,588,588,588,
FittsTaskTwo,P99,C01,B01,4,500,30,13,821,578,590,138,y=,566,563,558,553,546,539,530,521,489,477,465,453,439,411,397,384,370,355,342,330,318,306,295,285,276,269,262,255,249,242,236,230,223,217,212,207,204,201,197,193,189,185,180,176,172,168,164,160,156,152,149,146,144,143,142,141,140,139,138,137,136,135,134,134,134,134,134,135,135,136,137,138,138,139,139,139,139,
